132,39
173,40
29,32
6,48
166,37
124,40
44,47
159,34
2,50
117,37
136,50
120,42
139,55
113,39
154,40
173,53
30,4
131,56
122,7
6,61
166,50
105,40
64,2
124,53
108,45
22,5
127,58
168,59
66,48
85,61
98,0
15,2
142,43
1,67
161,56
119,59
17,48
110,10
94,2
154,53
52,5
112,56
131,69
115,61
128,0
45,2
108,58
168,72
107,62
181,11
126,75
140,10
24,64
98,13
43,77
142,56
1,80
161,69
100,59
174,8
119,72
17,61
158,0
177,13
77,75
75,2
94,15
176,54
80,80
33,5
179,59
93,19
167,5
137,62
170,10
156,75
128,13
73,77
114,78
147,26
67,3
12,67
86,16
31,80
3,18
130,59
89,21
149,72
88,62
162,11
107,75
181,24
79,13
165,16
65,78
68,83
155,8
100,72
141,73
158,13
58,75
144,78
61,80
176,67
0,70
19,83
179,72
137,75
150,14
95,78
169,27
12,80
53,81
172,32
130,72
171,73
88,75
129,76
47,37
162,24
46,78
132,81
5,40
165,29
49,83
180,14
125,78
39,38
42,80
83,81
157,30
0,83
160,35
159,76
118,38
150,27
34,81
153,32
172,45
113,81
27,41
104,32
145,33
164,46
122,49
180,27
4,30
138,30
157,43
160,48
118,51
134,32
175,33
110,52
143,0
8,41
145,46
164,59
122,62
4,43
22,60
55,8
173,0
131,3
15,57
175,46
18,62
133,49
31,1
91,52
110,65
8,54
168,6
11,59
85,8
167,47
126,9
43,11
170,52
103,62
161,3
106,67
147,68
119,6
64,70
3,60
163,49
22,73
77,9
61,1
121,52
140,65
98,68
115,8
15,70
101,73
156,9
18,75
133,62
174,63
12,1
91,65
177,68
149,6
94,70
135,71
168,19
52,73
167,60
10,76
170,65
142,3
128,68
147,81
100,6
45,70
86,71
141,7
58,9
3,73
89,76
42,1
61,14
176,1
47,79
162,66
121,65
181,79
80,27
0,4
179,6
79,68
165,71
98,81
137,9
82,73
156,22
21,63
95,12
40,76
155,63
174,76
53,15
177,81
130,6
75,70
116,71
171,7
88,9
74,74
148,23
46,12
151,28
49,17
109,68
128,81
169,82
67,71
125,12
70,76
144,25
83,15
28,79
162,79
146,71
63,73
104,74
178,23
137,22
21,76
136,26
155,76
53,28
139,31
158,81
171,20
148,36
13,77
46,25
151,41
16,82
150,82
134,74
166,26
9,79
83,28
102,41
44,36
159,23
178,36
2,39
136,39
34,28
180,82
97,47
14,49
129,36
173,42
6,50
166,39
124,42
143,55
159,36
2,52
117,39
76,1
120,44
161,45
97,60
154,42
173,55
131,58
115,50
106,1
6,63
147,2
105,42
124,55
108,47
127,60
168,61
57,1
98,2
15,4
142,45
1,69
161,58
101,7
119,61
177,2
94,4
80,69
154,55
52,7
112,58
115,63
156,64
87,1
128,2
130,48
89,10
168,74
107,64
181,13
126,77
79,2
24,66
98,15
43,79
142,58
1,82
100,61
174,10
119,74
158,2
177,15
77,77
75,4
61,69
176,56
80,82
135,18
19,72
179,61
137,64
51,24
156,77
109,2
54,66
169,16
114,80
67,5
12,69
31,82
72,83
172,21
130,61
149,74
88,64
47,26
107,77
181,26
162,13
146,5
165,18
65,80
63,7
49,72
155,10
141,75
125,67
58,77
144,80
158,15
116,18
61,82
102,83
176,69
135,31
0,72
179,74
137,77
178,78
150,16
95,80
169,29
12,82
53,83
172,34
171,75
28,26
88,77
129,78
47,39
146,18
46,80
132,83
5,42
165,31
164,35
180,16
125,80
23,32
83,83
157,32
74,34
160,37
159,78
117,81
150,29
134,21
34,83
153,34
111,37
113,83
104,34
145,35
164,48
103,38
122,51
106,43
180,29
4,32
138,32
157,45
160,50
13,37
118,53
134,34
175,35
8,43
11,48
43,0
122,64
1,3
106,56
4,45
163,38
22,62
140,54
38,43
131,5
15,59
101,62
175,48
18,64
133,51
152,64
31,3
91,54
110,67
8,56
94,59
168,8
11,61
167,49
126,11
24,0
10,65
170,54
84,51
43,13
128,57
161,5
147,70
64,72
3,62
163,51
22,75
61,3
121,54
140,67
181,68
98,70
156,11
101,75
54,0
155,52
174,65
91,67
177,70
149,8
94,72
135,73
107,11
52,75
93,76
167,62
10,78
170,67
49,6
109,57
128,70
147,83
26,22
141,9
86,73
100,8
58,11
3,75
89,78
144,14
42,3
61,16
176,3
47,81
162,68
121,67
181,81
179,8
79,70
165,73
137,11
82,75
123,76
21,65
95,14
40,78
174,78
158,70
177,83
130,8
171,9
116,73
88,11
74,76
148,25
46,14
32,79
151,30
49,19
109,70
150,71
67,73
153,76
141,22
125,14
70,78
144,27
9,68
83,17
28,81
162,81
0,19
146,73
63,75
104,76
178,25
159,12
21,78
62,79
136,28
180,71
139,33
171,22
148,38
13,79
151,43
90,33
134,76
48,36
92,79
166,28
9,81
143,44
25,25
44,38
159,25
178,38
2,41
97,49
14,51
154,31
173,44
131,47
6,52
166,41
124,44
143,57
127,49
2,54
117,41
76,3
120,46
161,47
154,44
173,57
131,60
115,52
106,3
6,65
147,4
105,44
108,49
168,63
140,1
85,65
126,66
98,4
142,47
1,71
161,60
101,9
119,63
17,52
91,1
177,4
94,6
176,45
80,71
135,7
52,9
179,50
112,60
170,1
115,65
128,4
73,68
12,58
86,7
130,50
89,12
149,63
168,76
47,15
162,2
107,66
181,15
126,79
121,1
79,4
24,68
65,69
165,7
68,74
142,60
100,63
174,12
158,4
177,17
77,79
116,7
61,71
176,58
74,10
19,74
179,63
137,66
51,26
156,79
109,4
54,68
95,69
169,18
114,82
12,71
172,23
70,12
130,63
171,64
88,66
47,28
107,79
148,80
181,28
162,15
146,7
46,69
5,31
65,82
165,20
104,10
49,74
7,77
40,25
141,77
125,69
58,79
144,82
158,17
116,20
157,21
0,74
74,23
160,26
137,79
178,80
35,31
95,82
169,31
134,10
153,23
172,36
37,77
171,77
129,80
46,82
5,44
123,36
164,37
122,40
180,18
125,82
23,34
138,21
157,34
160,39
32,39
159,80
118,42
117,83
150,31
134,23
111,39
152,40
145,37
164,50
103,40
122,53
106,45
4,34
138,34
99,42
118,55
175,37
18,53
133,40
110,56
8,45
94,48
11,50
126,0
43,2
87,45
1,5
106,58
147,59
4,47
3,51
163,40
22,64
77,0
121,43
80,5
140,56
15,61
101,64
175,50
18,66
133,53
174,54
31,5
177,59
110,69
94,61
168,10
107,0
167,51
126,13
24,2
10,67
170,56
84,53
128,59
147,72
86,62
58,0
3,64
89,67
22,77
163,53
61,5
121,56
140,69
181,70
98,72
137,0
156,13
101,77
95,3
155,54
174,67
158,59
177,72
116,62
149,10
135,75
88,0
107,13
52,77
93,78
167,64
148,14
46,3
10,80
170,69
49,8
109,59
128,72
169,73
26,24
86,75
172,78
125,3
89,80
176,5
47,83
162,70
181,83
146,62
79,72
165,75
179,10
82,77
123,78
178,14
21,67
95,16
40,80
81,81
155,67
53,19
171,11
116,75
88,13
129,14
74,78
148,27
46,16
32,81
151,32
109,72
150,73
67,75
153,78
141,24
70,80
111,81
144,29
9,70
28,83
162,83
0,21
146,75
159,14
104,78
178,27
21,80
62,81
136,30
120,22
180,73
139,35
138,76
171,24
113,19
13,81
132,32
173,33
134,78
48,38
92,81
6,41
166,30
9,83
143,46
127,38
159,27
2,43
120,35
139,48
97,51
173,46
131,49
29,38
122,0
6,54
166,43
105,33
127,51
2,56
142,36
1,60
161,49
18,0
119,52
152,0
110,3
55,67
154,46
131,62
10,1
115,54
147,6
105,46
168,65
140,3
85,67
126,68
181,4
98,6
101,11
1,73
161,62
40,1
174,1
119,65
17,54
91,3
177,6
176,47
80,73
135,9
52,11
179,52
170,3
115,67
156,68
128,6
114,71
147,19
12,60
86,9
130,52
89,14
47,17
162,4
107,68
181,17
126,81
121,3
5,20
24,70
65,71
165,9
79,6
82,11
123,12
68,76
21,1
26,79
141,66
100,65
174,14
158,6
58,68
144,71
77,81
177,19
116,9
176,60
135,22
0,63
19,76
179,65
137,68
156,81
109,6
54,70
95,71
169,20
150,7
12,73
53,74
172,25
153,12
56,79
171,66
130,65
88,68
162,17
107,81
148,82
5,33
165,22
104,12
49,76
62,15
7,79
141,79
180,7
125,71
42,73
83,74
0,76
160,28
32,28
178,82
169,33
134,12
34,74
153,25
172,38
92,15
37,79
171,79
28,30
69,31
129,82
113,74
30,39
145,26
164,39
122,42
180,20
138,23
157,36
96,26
160,41
25,82
159,82
118,44
134,25
175,26
152,42
27,47
11,39
145,39
164,52
103,42
122,55
106,47
4,36
23,49
138,36
55,1
99,44
140,45
15,50
175,39
18,55
133,42
91,45
110,58
8,47
94,50
11,52
167,40
126,2
170,45
1,7
106,60
147,61
3,53
163,42
22,66
77,2
121,45
80,7
140,58
98,61
115,1
15,63
101,66
156,2
73,4
18,68
133,55
174,56
177,61
94,63
135,64
168,12
107,2
52,66
167,53
10,69
170,58
68,10
1,20
128,61
147,74
141,0
86,64
58,2
3,66
89,69
163,55
77,15
121,58
162,59
181,72
165,64
98,74
137,2
82,66
156,15
101,79
21,56
95,5
155,56
114,18
174,69
158,61
177,74
171,0
116,64
135,77
88,2
93,80
10,82
51,83
151,21
49,10
109,61
128,74
169,75
86,77
172,80
125,5
70,69
144,18
89,82
42,7
162,72
146,64
165,77
104,67
178,16
123,80
21,69
40,82
81,83
155,69
171,13
116,77
157,78
74,80
160,83
148,29
113,8
13,70
46,18
32,83
151,34
49,23
150,75
134,67
67,77
153,80
70,82
111,83
166,19
9,72
102,34
143,35
0,23
146,77
159,16
104,80
178,29
2,32
117,19
62,83
136,32
120,24
180,75
139,37
138,78
96,81
113,21
13,83
132,34
173,35
134,80
48,40
92,83
6,43
166,32
41,37
127,40
25,29
159,29
2,45
120,37
97,53
154,35
173,48
112,38
131,51
29,40
115,43
48,53
6,56
108,40
22,0
127,53
168,54
142,38
1,62
161,51
101,0
18,2
119,54
110,5
154,48
131,64
115,56
147,8
3,0
89,3
168,67
107,57
181,6
126,70
140,5
98,8
82,0
142,51
1,75
101,13
40,3
100,54
174,3
119,67
17,56
177,8
77,70
176,49
80,75
135,11
33,0
19,65
179,54
52,13
167,0
137,57
51,17
156,70
170,5
128,8
73,72
114,73
169,9
12,62
86,11
172,14
72,76
130,54
89,16
149,67
47,19
162,6
107,70
181,19
126,83
79,8
165,11
65,73
63,0
49,65
123,14
68,78
82,13
21,3
155,3
26,81
141,68
100,67
158,8
58,70
144,73
61,75
102,76
176,62
135,24
0,65
19,78
179,67
137,70
156,83
109,8
150,9
95,73
169,22
67,11
12,75
53,76
172,27
153,14
70,16
56,81
171,68
88,70
129,71
162,19
46,73
132,76
5,35
165,24
104,14
49,78
164,28
7,81
141,81
180,9
125,73
42,75
83,76
157,25
0,78
41,79
160,30
32,30
150,22
34,76
153,27
92,17
37,81
171,81
69,33
113,76
71,79
30,41
145,28
164,41
122,44
180,22
138,25
157,38
160,43
118,46
134,27
175,28
133,31
152,44
8,36
103,44
122,57
106,49
4,38
45,39
163,31
140,47
15,52
175,41
18,57
133,44
91,47
110,60
8,49
94,52
168,1
11,54
167,42
126,4
170,47
128,50
147,63
3,55
163,44
22,68
77,4
140,60
181,61
98,63
156,4
101,68
155,45
114,7
174,58
158,50
91,60
177,63
149,1
94,65
135,66
107,4
52,68
167,55
10,71
170,60
68,12
128,63
147,76
100,1
141,2
86,66
58,4
3,68
89,71
77,17
47,74
162,61
121,60
181,74
80,22
179,1
165,66
82,68
123,69
156,17
21,58
155,58
174,71
53,10
158,63
177,76
56,15
171,2
116,66
130,1
135,79
88,4
74,69
93,82
46,7
151,23
49,12
109,63
169,77
26,28
153,69
86,79
172,82
141,15
125,7
70,71
83,10
162,74
146,66
165,79
159,5
104,69
178,18
123,82
21,71
95,20
180,64
139,26
171,15
116,79
157,80
74,82
148,31
113,10
13,72
46,20
16,77
150,77
7,28
134,69
153,82
92,72
166,21
9,74
143,37
41,26
146,79
104,82
145,83
178,31
2,34
136,34
180,77
139,39
138,80
96,83
173,37
131,40
134,82
175,83
48,42
6,45
166,34
124,37
143,50
41,39
127,42
25,31
2,47
117,34
161,40
154,37
173,50
112,40
131,53
29,42
115,45
6,58
105,37
124,50
22,2
127,55
168,56
85,58
126,59
142,40
1,64
161,53
18,4
100,43
119,56
176,38
135,0
52,2
112,53
115,58
12,51
3,2
130,43
89,5
168,69
47,8
107,59
181,8
126,72
165,0
98,10
82,2
101,15
1,77
174,5
119,69
177,10
77,72
116,0
176,51
80,77
33,2
19,67
179,56
137,59
51,19
156,72
95,62
169,11
114,75
128,10
67,0
12,64
86,13
172,16
72,78
130,56
89,18
149,69
88,59
162,8
107,72
148,73
181,21
146,0
165,13
65,75
151,78
63,2
104,3
49,67
68,80
7,70
155,5
26,83
141,70
125,62
58,72
144,75
158,10
61,77
102,78
157,14
0,67
74,16
19,80
60,81
160,19
137,72
178,73
150,11
95,75
169,24
134,3
153,16
53,78
172,29
70,18
56,83
171,70
28,21
88,72
129,73
46,75
132,78
5,37
104,16
49,80
90,81
164,30
123,29
7,83
141,83
180,11
125,75
83,78
157,27
0,80
41,81
160,32
159,73
117,76
150,24
34,78
120,81
153,29
92,19
37,83
111,32
152,33
171,83
113,78
27,38
71,81
30,43
145,30
164,43
103,33
20,35
106,38
180,24
4,27
138,27
15,41
175,30
133,33
152,46
145,43
103,46
4,40
163,33
140,49
98,52
15,54
175,43
18,59
174,47
177,52
110,62
168,3
167,44
126,6
10,60
170,49
128,52
147,65
3,57
163,46
22,70
77,6
80,11
140,62
181,63
19,1
98,65
156,6
101,70
155,47
114,9
174,60
158,52
177,65
116,55
149,3
135,68
107,6
52,70
93,71
167,57
10,73
170,62
49,1
109,52
128,65
169,66
141,4
86,68
172,71
102,12
47,76
162,63
181,76
0,1
146,55
5,79
165,68
79,65
179,3
137,6
82,70
123,71
21,60
95,9
40,73
158,65
171,4
116,68
135,81
88,6
129,7
74,71
46,9
132,12
151,25
49,14
35,79
150,66
109,65
169,79
7,17
26,30
153,71
141,17
125,9
70,73
144,22
9,63
83,12
162,76
0,14
146,68
165,81
44,20
159,7
104,71
178,20
21,73
62,74
136,23
180,66
56,30
138,69
171,17
157,82
148,33
13,74
71,15
16,79
150,79
7,30
134,71
92,74
166,23
9,76
143,39
41,28
25,20
44,33
2,36
136,36
180,79
4,82
138,82
154,26
173,39
131,42
29,31
6,47
166,36
124,39
143,52
127,44
2,49
117,36
1,53
161,42
120,41
119,45
154,39
173,52
112,42
131,55
29,44
115,47
105,39
64,1
108,44
149,45
22,4
168,58
126,61
1,66
161,55
100,45
119,58
94,1
176,40
80,66
135,2
52,4
179,45
112,55
93,5
115,60
114,64
147,12
12,53
89,7
168,71
47,10
107,61
181,10
126,74
165,2
123,5
142,55
141,59
174,7
144,64
77,74
177,12
116,2
176,53
80,79
0,56
33,4
19,69
179,58
93,18
137,61
150,0
95,64
169,13
114,77
12,66
53,67
172,18
72,80
86,15
153,5
56,72
171,59
130,58
89,20
88,61
47,23
107,74
148,75
162,10
146,2
165,15
65,77
151,80
104,5
123,18
68,82
7,72
81,21
141,72
180,0
125,64
144,77
157,16
102,80
0,69
19,82
60,83
160,21
137,74
178,75
150,13
95,77
136,78
169,26
134,5
153,18
53,80
139,83
172,31
92,8
171,72
9,10
129,75
113,67
46,77
132,80
5,39
49,82
90,83
164,32
145,19
180,13
125,77
166,78
83,80
157,29
41,83
160,34
25,75
159,75
118,37
117,78
34,80
120,83
175,19
152,35
69,37
113,80
27,40
71,83
30,45
145,32
164,45
103,35
106,40
4,29
105,81
99,37
140,38
175,32
133,35
167,33
170,38
103,48
1,0
147,54
3,46
163,35
22,59
121,38
98,54
15,56
101,59
18,61
133,48
174,49
31,0
177,54
168,5
33,46
167,46
126,8
10,62
170,51
68,3
128,54
147,67
119,5
3,59
89,62
22,72
163,48
77,8
61,0
121,51
162,52
181,65
19,3
165,57
98,67
156,8
101,72
174,62
12,0
158,54
177,67
116,57
135,70
52,72
93,73
148,9
65,11
10,75
51,76
151,14
49,3
68,16
128,67
169,68
26,19
86,70
172,73
89,75
42,0
102,14
47,78
162,65
181,78
0,3
146,57
5,81
165,70
60,17
104,60
178,9
123,73
137,8
21,62
95,11
40,75
81,76
34,1
53,14
37,6
171,6
116,70
157,71
88,8
129,9
74,73
148,22
46,11
32,76
151,27
49,16
90,17
35,81
150,68
169,81
7,19
134,60
67,70
153,73
26,32
125,11
70,75
111,76
144,24
9,65
83,14
28,78
143,28
146,70
159,9
104,73
178,22
2,25
21,75
62,76
136,25
120,17
20,79
180,68
139,30
53,27
138,71
13,76
132,27
173,28
16,81
150,81
134,73
92,76
166,25
9,78
50,79
143,41
127,33
44,35
85,36
159,22
2,38
117,25
136,38
180,81
97,46
173,41
131,44
29,33
115,36
6,49
166,38
124,41
108,33
168,47
142,31
1,55
161,44
154,41
131,57
115,49
147,1
105,41
108,46
149,47
168,60
126,63
98,1
142,44
1,68
101,6
119,60
17,49
177,1
176,42
80,68
19,58
179,47
93,7
52,6
137,50
156,63
128,1
169,2
114,66
12,55
86,4
172,7
130,47
89,9
47,12
107,63
181,12
126,76
5,15
165,4
123,7
68,71
26,74
141,61
100,60
158,1
144,66
116,4
102,69
176,55
0,58
19,71
179,60
137,63
156,76
150,2
95,66
169,15
114,79
67,4
12,68
53,69
172,20
72,82
153,7
56,74
171,61
130,60
88,63
129,64
47,25
148,77
162,12
146,4
132,69
65,79
151,82
165,17
49,71
164,21
62,10
7,74
141,74
180,2
125,66
39,26
144,79
138,5
83,69
157,18
102,82
0,71
41,72
160,23
44,77
159,64
178,77
150,15
95,79
136,80
134,7
53,82
92,10
37,74
171,74
50,13
129,77
113,69
27,29
132,82
71,72
164,34
122,37
180,15
125,79
166,80
39,39
4,18
23,31
138,18
83,82
124,83
157,31
160,36
25,77
159,77
118,39
117,80
134,20
34,82
175,21
152,37
110,40
113,82
154,83
27,42
145,34
103,37
122,50
106,42
4,31
105,83
163,24
140,40
175,34
152,50
110,53
8,42
94,45
11,47
167,35
170,40
1,2
147,56
3,48
163,37
22,61
121,40
80,2
181,54
15,58
101,61
18,63
155,38
174,51
114,0
31,2
158,43
91,53
177,56
94,58
135,59
168,7
167,48
126,10
65,0
10,64
170,53
128,56
147,69
86,59
3,61
89,64
144,0
61,2
47,67
162,54
121,53
181,67
19,5
156,10
101,74
95,0
155,51
174,64
12,2
53,3
158,56
177,69
56,8
116,59
135,72
148,11
93,75
10,77
51,78
151,16
49,5
109,56
150,57
169,70
7,8
26,21
141,8
86,72
172,75
125,0
144,13
89,77
42,2
47,80
162,67
0,5
146,59
5,83
165,72
104,62
178,11
123,75
137,10
21,64
95,13
40,77
81,78
34,3
53,16
180,57
39,81
37,8
171,8
116,72
129,11
74,75
160,78
148,24
13,65
46,13
32,78
151,29
16,70
90,19
35,83
150,70
49,18
169,83
134,62
153,75
125,13
70,77
111,78
166,14
9,67
28,80
69,81
143,30
146,72
44,24
159,11
104,75
178,24
2,27
62,78
136,27
120,19
20,81
180,70
139,32
138,73
96,76
13,78
99,81
173,30
16,83
131,33
134,75
175,76
48,35
92,78
6,38
166,27
9,80
50,81
105,17
143,43
127,35
25,24
44,37
159,24
2,40
161,33
97,48
154,30
173,43
71,32
115,38
6,51
124,43
127,48
168,49
126,52
142,33
1,57
161,46
119,49
154,43
115,51
156,52
147,3
12,44
130,36
168,62
181,1
126,65
98,3
142,46
1,70
101,8
119,62
58,52
177,3
42,44
176,44
80,70
135,6
19,60
179,49
93,9
137,52
51,12
156,65
128,3
169,4
114,68
12,57
86,6
172,9
72,71
130,49
89,11
28,1
47,14
162,1
107,65
181,14
5,17
165,6
151,71
123,9
68,73
7,63
26,76
141,63
125,55
158,3
144,68
116,6
61,70
102,71
176,57
157,7
0,60
74,9
19,73
60,74
179,62
160,12
137,65
178,66
51,25
95,68
169,17
114,81
153,9
53,71
172,22
56,76
171,63
9,1
28,14
14,79
129,66
88,65
148,79
47,27
146,6
46,68
132,71
104,9
49,73
90,74
164,23
7,76
141,76
180,4
125,68
144,81
138,7
83,71
157,20
0,73
41,74
160,25
96,10
44,79
159,66
178,79
117,69
136,82
134,9
120,74
153,22
92,12
37,76
171,76
50,15
129,79
113,71
27,31
71,74
145,23
164,36
122,39
180,17
166,82
23,33
138,20
25,79
159,79
118,41
117,82
175,23
59,77
152,39
145,36
103,39
122,52
87,31
106,44
4,33
45,34
163,26
140,42
175,36
133,39
174,40
8,44
11,49
167,37
10,53
170,42
43,1
1,4
147,58
3,50
163,39
22,63
121,42
80,4
140,55
181,56
101,63
155,40
114,2
174,53
31,4
158,45
177,58
94,60
135,61
93,64
167,50
126,12
10,66
170,55
128,58
147,71
86,61
3,63
89,66
144,2
61,4
162,56
181,69
5,72
165,61
123,64
156,12
95,2
155,53
53,5
72,18
56,10
116,61
135,74
129,0
148,13
93,77
46,2
132,5
151,18
51,80
49,7
109,58
150,59
169,72
86,74
172,77
125,2
144,15
89,79
9,56
42,4
47,82
162,69
0,7
146,61
165,74
44,13
159,0
104,64
178,13
123,77
21,66
95,15
81,80
34,5
180,59
39,83
139,21
37,10
171,10
116,74
157,75
129,13
74,77
160,80
148,26
113,5
13,67
32,80
118,83
151,31
16,72
90,21
150,72
134,64
153,77
92,67
6,27
111,80
166,16
9,69
28,82
69,83
143,32
159,13
104,77
145,78
178,26
2,29
62,80
120,21
20,83
180,72
139,34
4,75
138,75
96,78
113,18
13,80
99,83
173,32
134,77
175,78
48,37
92,80
6,40
166,29
50,83
143,45
127,37
2,42
84,81
43,43
161,35
119,38
173,45
131,48
115,40
31,46
105,32
168,51
126,54
142,35
1,59
161,48
119,51
176,33
179,38
10,0
115,53
156,54
114,57
130,38
89,0
149,51
168,64
181,3
126,67
40,0
141,52
174,0
144,57
177,5
42,46
176,46
80,72
135,8
0,49
19,62
179,51
137,54
51,14
156,67
169,6
114,70
12,59
86,8
172,11
72,73
130,51
171,52
89,13
88,54
47,16
107,67
148,68
162,3
5,19
165,8
65,70
151,73
123,11
68,75
21,0
7,65
81,14
26,78
141,65
40,13
125,57
144,70
116,8
157,9
102,73
0,62
19,75
60,76
160,14
137,67
178,68
51,27
150,6
95,70
136,71
169,19
153,11
53,73
139,76
172,24
56,78
171,65
14,81
129,68
148,81
113,60
46,70
132,73
5,32
146,8
104,11
49,75
90,76
164,25
62,14
7,78
81,27
180,6
125,70
166,71
138,9
83,73
157,22
96,12
41,76
160,27
25,68
44,81
178,81
35,32
117,71
134,11
175,12
120,76
92,14
37,78
78,79
152,28
50,17
129,81
113,73
27,33
71,76
30,38
145,25
164,38
29,79
122,41
106,33
23,35
105,74
138,22
108,79
25,81
159,81
118,43
175,25
59,79
152,41
27,46
11,38
167,26
103,41
106,46
147,47
4,35
45,36
3,39
163,28
98,47
18,54
174,42
91,44
177,47
110,57
94,49
167,39
126,1
10,55
170,44
87,46
147,60
3,52
163,41
22,65
77,1
121,44
80,6
140,57
181,58
98,60
101,65
155,42
174,55
158,47
177,60
116,50
135,63
107,1
148,2
93,66
65,4
10,68
51,69
151,7
128,60
169,61
86,63
172,66
58,1
144,4
89,68
61,6
102,7
47,71
162,58
181,71
5,74
165,63
137,1
82,65
123,66
178,2
95,4
155,55
53,7
158,60
116,63
135,76
88,1
129,2
93,79
132,7
32,69
51,82
49,9
90,10
35,74
169,74
7,12
26,25
153,66
172,79
125,4
111,69
9,58
28,71
143,21
146,63
165,76
159,2
104,66
178,15
123,79
164,80
21,68
81,82
34,7
120,10
20,72
180,61
139,23
23,77
138,64
171,12
157,77
55,29
74,79
160,82
129,15
113,7
13,69
32,82
173,21
16,74
150,74
134,66
48,26
153,79
92,69
6,29
111,82
166,18
9,71
50,72
143,34
159,15
104,79
145,80
2,31
117,18
62,82
103,83
136,31
180,74
139,36
4,77
138,77
96,80
113,20
13,82
173,34
131,37
134,79
175,80
48,39
92,82
133,83
6,42
166,31
127,39
168,40
25,28
84,83
43,45
142,24
1,48
161,37
163,83
154,34
112,37
131,50
115,42
105,34
149,40
168,53
107,43
126,56
142,37
1,61
161,50
100,40
119,53
176,35
179,40
93,0
10,2
156,56
114,59
12,48
130,40
89,2
107,56
181,5
126,69
123,0
40,2
144,59
42,48
102,62
176,48
135,10
0,51
74,0
19,64
179,53
32,3
137,56
51,16
156,69
35,8
95,59
169,8
114,72
12,61
153,0
172,13
72,75
56,67
171,54
130,53
89,15
47,18
129,57
162,5
148,70
5,21
132,62
65,72
151,75
165,10
104,0
123,13
68,77
21,2
62,3
7,67
26,80
141,67
125,59
144,72
157,11
102,75
0,64
160,16
60,78
118,19
178,70
150,8
95,72
136,73
134,0
153,13
53,75
139,78
92,3
56,80
171,67
69,19
14,83
129,70
148,83
113,62
132,75
104,13
90,78
164,27
62,16
7,80
48,81
180,8
125,72
166,73
138,11
83,75
124,76
157,24
96,14
41,78
160,29
25,70
44,83
178,83
117,73
134,13
34,75
120,78
175,14
92,16
37,80
78,81
152,30
50,19
69,32
113,75
154,76
71,78
30,40
145,27
164,40
29,81
122,43
105,76
163,17
108,81
25,83
140,33
175,27
59,81
133,30
152,43
11,40
167,28
170,33
103,43
106,48
45,38
3,41
163,30
140,46
15,51
18,56
174,44
177,49
94,51
135,52
168,0
167,41
126,3
10,57
170,46
128,49
147,62
3,54
77,3
80,8
162,47
181,60
165,52
98,62
156,3
101,67
155,44
114,6
174,57
158,49
177,62
56,1
116,52
135,65
107,3
148,4
93,68
10,70
51,71
151,9
68,11
128,62
169,63
7,1
141,1
86,65
172,68
89,70
102,9
47,73
162,60
181,73
146,52
5,76
165,65
137,3
178,4
123,68
21,57
95,6
136,7
81,71
53,9
39,74
158,62
37,1
56,14
171,1
116,65
129,4
74,68
93,81
13,58
132,9
151,22
16,63
90,12
35,76
49,11
169,76
134,55
48,15
153,68
172,81
125,6
70,70
111,71
166,7
9,60
83,9
69,74
143,23
146,65
159,4
104,68
178,17
123,81
164,82
2,20
20,74
180,63
139,25
23,79
138,66
157,79
96,69
113,9
13,71
99,74
173,23
132,22
16,76
150,76
134,68
153,81
92,71
166,20
9,73
50,74
105,10
143,36
8,77
41,25
11,82
159,17
145,82
2,33
120,25
161,26
4,79
138,79
96,82
173,36
38,77
131,39
175,82
73,34
6,44
127,41
168,42
43,47
142,26
1,50
161,39
119,42
154,36
112,39
115,44
156,45
22,1
149,42
168,55
107,45
126,58
142,39
1,63
101,1
100,42
119,55
42,37
176,37
179,42
93,2
51,5
156,58
114,61
12,50
172,2
130,42
89,4
47,7
107,58
181,7
49,53
123,2
82,1
81,5
141,56
125,48
144,61
102,64
176,50
135,12
0,53
19,66
179,55
32,5
137,58
178,59
51,18
95,61
169,10
114,74
153,2
172,15
72,77
111,5
56,69
171,56
14,72
129,59
47,20
148,72
132,64
151,77
104,2
49,66
123,15
68,79
164,16
21,4
7,69
26,82
141,69
125,61
144,74
138,0
157,13
102,77
0,66
74,15
160,18
60,80
159,59
178,72
117,62
76,24
136,75
150,10
134,2
120,67
53,77
139,80
153,15
92,5
56,82
97,83
171,69
50,8
129,72
113,64
132,77
173,78
71,67
145,16
90,80
164,29
104,15
7,82
48,83
180,10
166,75
83,77
124,78
96,16
41,80
127,83
160,31
25,72
159,72
117,75
175,16
120,80
92,18
78,83
152,32
113,77
154,78
71,80
30,42
145,29
84,19
29,83
103,32
122,45
106,37
4,26
105,78
163,19
108,83
140,35
142,81
101,43
175,29
59,83
133,32
152,45
110,48
8,37
167,30
10,46
170,35
128,38
3,43
163,32
140,48
181,49
98,51
174,46
158,38
91,48
177,51
135,54
33,43
167,43
126,5
10,59
170,48
109,38
68,0
128,51
147,64
3,56
89,59
162,49
181,62
19,0
5,65
165,54
123,57
156,5
155,46
114,8
174,59
158,51
177,64
56,3
116,54
135,67
148,6
93,70
151,11
51,73
68,13
150,52
169,65
7,3
153,57
86,67
172,70
141,3
144,8
9,49
102,11
47,75
162,62
0,0
41,1
146,54
5,78
165,67
104,57
178,6
123,70
21,59
136,9
81,73
53,11
180,52
39,76
37,3
56,16
171,3
116,67
129,6
74,70
160,73
13,60
132,11
118,76
151,24
16,65
90,14
35,78
150,65
169,78
7,16
134,57
48,17
153,70
172,83
92,60
166,9
111,73
125,8
9,62
83,11
124,12
69,76
143,25
27,79
146,67
44,19
159,6
104,70
145,71
178,19
2,22
136,22
20,76
180,65
139,27
4,68
23,81
138,68
157,81
96,71
13,73
99,76
173,25
154,12
16,78
57,79
29,17
134,70
175,71
92,73
166,22
105,12
50,76
143,38
8,79
2,35
84,74
43,36
87,79
161,28
4,81
138,81
154,25
173,38
38,79
131,41
29,30
6,46
149,31
168,44
142,28
1,52
161,41
119,44
176,26
179,31
112,41
115,46
156,47
12,39
149,44
168,57
107,47
126,60
142,41
1,65
100,44
141,45
144,50
42,39
61,52
176,39
135,1
19,55
179,44
93,4
51,7
156,60
114,63
12,52
86,1
172,4
72,66
130,44
171,45
89,6
47,9
107,60
148,61
165,1
151,66
123,4
7,58
81,7
40,6
141,58
125,50
144,63
116,1
157,2
102,66
0,55
19,68
60,69
160,7
137,60
178,61
95,63
169,12
153,4
53,66
172,17
72,79
111,7
56,71
171,58
14,74
129,61
148,74
113,53
146,1
132,66
151,79
104,4
49,68
90,69
164,18
7,71
125,63
166,64
138,2
157,15
102,79
143,80
0,68
96,5
160,20
60,82
99,10
159,61
178,74
2,77
117,64
136,77
120,69
53,79
139,82
153,17
92,7
152,21
50,10
129,74
113,66
132,79
173,80
71,69
145,18
90,82
164,31
166,77
4,15
105,67
124,80
41,82
25,74
159,74
118,36
117,77
175,18
120,82
59,72
133,21
152,34
110,37
27,39
154,80
71,82
112,83
30,44
145,31
103,34
106,39
147,40
4,28
105,80
3,32
163,21
121,24
140,37
38,26
142,83
101,45
133,34
174,35
177,40
33,32
167,32
10,48
170,37
128,40
147,53
3,45
163,34
22,58
121,37
181,51
98,53
101,58
155,35
174,48
158,40
177,53
116,43
135,56
33,45
93,59
167,45
10,61
170,50
151,0
109,40
68,2
128,53
169,54
172,59
89,61
102,0
162,51
181,64
19,2
146,43
5,67
165,56
123,59
81,62
155,48
114,10
158,53
72,13
116,56
135,69
148,8
93,72
132,0
151,13
51,75
49,2
90,3
169,67
172,72
111,62
9,51
102,13
47,77
162,64
143,14
0,2
41,3
146,56
5,80
104,59
178,8
123,72
164,73
21,61
136,11
81,75
34,0
120,3
20,65
180,54
39,78
139,16
53,13
37,5
23,70
138,57
171,5
157,70
129,8
74,72
160,75
113,0
13,62
132,13
173,14
118,78
16,67
90,16
35,80
76,81
150,67
134,59
48,19
153,72
92,62
166,11
111,75
9,64
50,65
124,14
69,78
143,27
83,13
27,81
159,8
104,72
145,73
2,24
62,75
103,76
136,24
20,78
106,81
180,67
139,29
4,70
23,83
138,70
157,83
96,73
13,75
99,78
173,27
154,14
16,80
57,81
134,72
175,73
92,75
133,76
166,24
105,14
50,78
8,81
168,33
25,21
85,35
2,37
84,76
43,38
142,17
87,81
1,41
161,30
4,83
163,76
154,27
38,81
131,43
31,41
149,33
168,46
66,35
126,49
142,30
1,54
161,43
119,46
176,28
179,33
137,36
114,52
147,0
149,46
107,49
126,62
26,60
141,47
177,0
176,41
80,67
135,3
0,44
19,57
179,46
93,6
51,9
35,1
169,1
114,65
12,54
172,6
72,68
89,8
171,47
47,11
148,63
165,3
151,68
123,6
68,70
7,60
141,60
125,52
144,65
116,3
157,4
102,68
0,57
19,70
60,71
160,9
159,50
118,12
178,63
150,1
95,65
136,66
169,14
153,6
53,68
139,71
72,81
172,19
111,9
56,73
171,60
69,12
14,76
129,63
148,76
113,55
146,3
132,68
151,81
104,6
90,71
164,20
7,73
48,74
81,22
180,1
125,65
166,66
83,68
157,17
102,81
143,82
96,7
160,22
99,12
44,76
159,63
118,25
178,76
57,15
2,79
117,66
136,79
134,6
175,7
120,71
92,9
78,74
152,23
50,12
113,68
27,28
173,82
71,71
164,33
84,10
122,36
87,15
166,79
4,17
105,69
124,82
108,74
22,34
96,20
25,76
140,26
117,79
175,20
59,74
133,23
17,77
91,26
110,39
154,82
167,21
170,26
106,41
147,42
105,82
3,34
163,23
140,39
133,36
174,37
177,42
176,83
167,34
10,50
170,39
1,1
128,42
147,55
86,45
3,47
163,36
47,53
162,40
121,39
181,53
165,45
101,60
21,37
155,37
174,50
158,42
177,55
116,45
135,58
33,47
93,61
10,63
151,2
68,4
128,55
169,56
86,58
172,61
89,63
47,66
162,53
181,66
19,4
146,45
5,69
60,5
104,48
123,61
136,0
81,64
158,55
56,7
116,58
160,64
93,74
148,10
13,51
132,2
151,15
51,77
16,56
90,5
49,4
169,69
7,7
134,48
26,20
172,74
166,0
111,64
9,53
69,67
143,16
102,15
146,58
5,82
104,61
178,10
123,74
164,75
117,0
81,77
122,78
34,2
120,5
20,67
180,56
39,80
139,18
37,7
23,72
138,59
96,62
129,10
160,77
113,2
13,64
99,67
32,77
118,80
173,16
16,69
90,18
35,82
76,83
150,69
134,61
153,74
92,64
166,13
111,77
152,78
9,66
50,67
105,3
69,80
143,29
108,8
8,70
27,83
44,23
159,10
145,75
2,26
62,77
103,78
120,18
20,80
106,83
180,69
161,19
4,72
138,72
96,75
154,16
99,80
173,29
71,18
112,19
57,83
131,32
175,75
92,77
133,78
50,80
91,81
8,83
127,34
168,35
24,27
84,78
43,40
87,83
1,43
161,32
163,78
121,81
154,29
38,83
112,32
115,37
54,27
31,43
130,22
149,35
168,48
126,51
142,32
1,56
176,30
179,35
137,38
156,51
114,54
149,48
181,0
126,64
26,62
42,43
176,43
135,5
0,46
19,59
179,48
93,8
137,51
51,11
35,3
169,3
114,67
12,56
172,8
171,49
28,0
14,65
129,52
47,13
162,0
5,16
132,57
165,5
151,70
123,8
68,72
164,9
7,62
26,75
141,62
20,1
125,54
144,67
157,6
102,70
0,59
74,8
160,11
60,73
44,65
159,52
178,65
76,17
95,67
136,68
150,3
153,8
53,70
139,73
56,75
97,76
171,62
9,0
50,1
69,14
14,78
129,65
148,78
113,57
132,70
151,83
164,22
7,75
48,76
103,12
180,3
6,79
166,68
138,6
83,70
124,71
96,9
41,73
127,76
160,24
13,11
99,14
44,78
159,65
2,81
117,68
136,81
134,8
175,9
120,73
92,11
37,75
78,76
152,25
133,12
50,14
36,79
110,28
113,70
154,71
27,30
71,73
84,12
122,38
166,81
4,19
45,20
105,71
163,12
108,76
22,36
25,78
66,79
140,28
175,22
59,76
152,38
17,79
167,23
170,28
147,44
45,33
3,36
163,25
140,41
181,42
40,39
155,26
174,39
158,31
177,44
135,47
33,36
93,50
167,36
10,52
170,41
128,44
147,57
3,49
89,52
121,41
162,42
80,3
181,55
165,47
123,50
21,39
155,39
114,1
174,52
158,44
177,57
135,60
93,63
65,1
150,45
169,58
86,60
172,63
144,1
89,65
102,4
47,68
162,55
19,6
146,47
5,71
165,60
123,63
95,1
136,2
81,66
53,4
180,45
139,7
56,9
116,60
157,61
160,66
148,12
13,53
132,4
118,69
51,79
151,17
16,58
90,7
150,58
169,71
134,50
48,10
172,76
92,53
166,2
111,66
125,1
9,55
143,18
146,60
44,12
104,63
145,64
178,12
164,77
117,2
81,79
122,80
34,4
120,7
20,69
180,58
39,82
139,20
37,9
78,10
23,74
138,61
96,64
160,79
13,66
99,69
173,18
118,82
154,5
16,71
90,20
134,63
175,64
92,66
6,26
111,79
152,80
166,15
105,5
50,69
69,82
110,83
143,31
8,72
11,77
145,77
2,28
84,67
103,80
87,72
20,82
161,21
120,20
4,74
138,74
36,26
96,77
99,82
140,83
173,31
131,34
175,77
6,39
133,80
50,82
91,83
127,36
168,37
167,78
126,40
24,29
84,80
170,83
142,21
1,45
161,34
119,37
163,80
176,19
121,83
179,24
115,39
156,40
54,29
31,45
168,50
107,40
126,53
142,34
1,58
119,50
176,32
179,37
156,53
114,56
130,37
181,2
5,5
151,59
49,48
7,51
81,0
26,64
125,43
39,3
144,56
42,45
102,59
0,48
19,61
93,10
160,0
32,0
137,53
178,54
51,13
35,5
169,5
114,69
34,46
172,10
72,72
111,0
171,51
69,3
14,67
129,54
148,67
5,18
132,59
151,72
123,10
164,11
62,0
7,64
81,13
26,77
141,64
20,3
125,56
144,69
157,8
102,72
143,73
0,61
160,13
60,75
13,0
99,3
44,67
159,54
178,67
2,70
117,57
136,70
120,62
53,72
139,75
153,10
92,0
56,77
97,78
152,14
9,2
50,3
69,16
14,80
55,81
129,67
113,59
132,72
173,73
90,75
164,24
103,14
48,78
180,5
6,81
166,70
138,8
83,72
124,73
96,11
41,75
127,78
44,80
85,81
38,6
2,83
117,70
136,83
175,11
120,75
92,13
78,78
152,27
50,16
91,17
36,81
113,72
154,73
27,32
71,75
112,76
145,24
84,14
29,78
115,81
147,33
166,83
105,73
163,14
108,78
22,38
25,80
66,81
140,30
121,17
142,76
175,24
59,78
133,27
174,28
17,81
91,30
177,33
110,43
167,25
170,30
87,32
128,33
147,46
45,35
86,36
3,38
163,27
181,44
40,41
174,41
158,33
177,46
116,36
135,49
93,52
167,38
10,54
170,43
169,47
172,52
89,54
162,44
181,57
146,36
5,60
165,49
123,52
155,41
114,3
158,46
135,62
14,1
148,1
93,65
151,6
51,68
150,47
169,60
67,49
153,52
172,65
111,55
144,3
9,44
5,73
165,62
44,1
178,1
123,65
164,66
53,6
180,47
139,9
56,11
138,50
97,12
157,63
129,1
13,55
132,6
118,71
51,81
16,60
90,9
150,60
134,52
48,12
153,65
92,55
166,4
111,68
9,57
124,7
69,71
127,12
25,1
44,14
159,1
30,79
145,66
104,65
164,79
2,17
103,69
122,82
34,6
20,71
180,60
139,22
4,63
23,76
138,63
157,76
96,66
55,28
160,81
113,6
13,68
99,71
173,20
154,7
16,73
57,74
134,65
175,66
48,25
92,68
133,69
6,28
152,82
166,17
105,7
50,71
143,33
108,12
8,74
11,79
145,79
2,30
84,69
103,82
87,74
1,34
161,23
4,76
163,69
96,79
38,74
175,79
133,82
149,26
168,39
66,28
167,80
126,42
84,82
43,44
142,23
1,47
161,36
119,39
163,82
176,21
179,26
112,36
115,41
156,42
155,83
114,45
168,52
126,55
68,50
141,40
144,45
176,34
0,37
179,39
51,2
156,55
95,45
114,58
12,47
130,39
171,40
89,1
148,56
5,7
7,53
81,2
39,5
144,58
42,47
102,61
0,50
19,63
160,2
32,2
137,55
178,56
51,15
35,7
95,58
136,59
169,7
139,64
72,74
172,12
56,66
171,53
14,69
129,56
148,69
132,61
151,74
145,0
90,64
164,13
62,2
7,66
48,67
81,15
125,58
166,59
157,10
102,74
143,75
96,0
160,15
60,77
44,69
159,56
118,18
178,69
57,8
2,72
117,59
136,72
175,0
120,64
139,77
92,2
78,67
152,16
97,80
50,5
14,82
55,83
129,69
113,61
27,21
132,74
173,75
11,13
90,77
131,78
164,26
48,80
87,8
6,83
166,72
105,62
138,10
124,75
108,67
41,77
127,80
96,13
25,69
44,82
85,83
117,72
175,13
120,77
161,78
78,80
152,29
17,70
91,19
36,83
50,18
154,75
71,77
112,78
167,14
29,80
115,83
170,19
106,34
147,35
45,24
105,75
3,27
163,16
108,80
121,19
66,83
140,32
82,27
142,78
101,40
59,80
100,81
174,30
17,83
177,35
75,24
135,38
167,27
170,32
128,35
45,37
3,40
130,81
163,29
162,33
181,46
165,38
98,48
155,30
174,43
158,35
177,48
116,38
135,51
93,54
10,56
128,48
169,49
172,54
162,46
181,59
146,38
5,62
165,51
104,41
123,54
155,43
158,48
56,0
116,51
157,52
148,3
93,67
151,8
51,70
169,62
7,0
153,54
172,67
111,57
9,46
102,8
47,72
5,75
178,3
123,67
136,6
20,60
180,49
39,73
53,8
37,0
23,65
138,52
97,14
157,65
56,13
129,3
13,57
132,8
32,70
118,73
173,9
16,62
90,11
35,75
76,76
29,1
134,54
48,14
153,67
6,17
166,6
111,70
9,59
83,8
124,9
69,73
143,22
27,76
159,3
30,81
145,68
164,81
117,6
103,71
20,73
106,76
180,62
139,24
59,1
4,65
23,78
138,65
96,68
55,30
154,9
99,73
173,22
16,75
57,76
15,79
175,68
92,70
133,71
105,9
50,73
8,76
168,28
66,17
11,81
145,81
24,20
84,71
43,33
87,76
1,36
161,25
4,78
45,79
163,71
121,74
38,76
131,38
175,81
75,79
149,28
168,41
167,82
126,44
43,46
142,25
1,49
161,38
119,41
176,23
179,28
137,31
156,44
130,28
88,31
107,44
126,57
49,39
100,41
144,47
42,36
176,36
0,39
179,41
93,1
51,4
156,57
114,60
12,49
172,1
130,41
171,42
14,58
47,6
132,50
151,63
123,1
164,2
7,55
81,4
141,55
144,60
42,49
102,63
0,52
74,1
160,4
32,4
159,45
178,58
35,9
95,60
136,61
153,1
139,66
111,4
97,69
171,55
14,71
129,58
148,71
132,63
151,76
104,1
145,2
90,66
164,15
62,4
7,68
103,5
122,18
106,10
6,72
166,61
125,60
83,63
124,64
157,12
143,77
96,2
127,69
60,79
160,17
99,7
44,71
159,58
118,20
178,71
57,10
2,74
117,61
136,74
134,1
175,2
120,66
139,79
92,4
133,5
78,69
152,18
97,82
50,7
113,63
173,77
145,15
90,79
131,80
48,82
87,10
166,74
105,64
124,77
163,5
108,69
96,15
127,82
25,71
66,72
140,21
117,74
175,15
120,79
161,80
59,69
78,82
119,83
152,31
17,72
154,77
167,16
112,80
29,82
170,21
147,37
105,77
3,29
163,18
108,82
149,83
140,34
181,35
15,39
142,80
101,42
59,82
100,83
174,32
155,19
177,37
176,78
33,29
179,83
167,29
10,45
170,34
128,37
3,42
130,83
121,34
162,35
181,48
165,40
155,32
174,45
158,37
177,50
116,40
135,53
33,42
10,58
109,37
169,51
153,43
172,56
162,48
146,40
5,64
165,53
60,0
104,43
123,56
180,38
139,0
56,2
116,53
157,54
160,59
93,69
151,10
51,72
16,51
90,0
150,51
169,64
7,2
134,43
48,3
153,56
172,69
111,59
9,48
102,10
41,0
146,53
5,77
44,5
104,56
145,57
178,5
164,70
2,8
136,8
81,72
122,73
120,0
20,62
180,51
39,75
37,2
78,3
23,67
138,54
97,16
129,5
160,72
13,59
99,62
173,11
118,75
132,10
16,64
90,13
35,77
76,78
131,14
134,56
175,57
48,16
92,59
6,19
111,72
152,73
166,8
9,61
124,11
69,75
143,24
108,3
8,65
27,78
11,70
30,83
145,70
164,83
2,21
103,73
20,75
106,78
161,14
59,3
4,67
23,80
64,81
138,67
96,70
154,11
99,75
173,24
71,13
57,78
29,16
15,81
175,70
133,73
105,11
50,75
91,76
8,78
94,81
168,30
11,83
167,71
84,73
43,35
142,14
87,78
1,38
161,27
4,80
45,81
36,32
163,73
121,76
154,24
38,78
156,33
31,38
75,81
149,30
168,43
107,33
142,27
1,51
119,43
176,25
179,30
137,33
156,46
12,38
149,43
88,33
107,46
148,47
46,36
151,52
49,41
7,44
42,38
0,41
19,54
179,43
93,3
51,6
178,47
114,62
172,3
72,65
171,44
14,60
132,52
151,65
49,54
123,3
164,4
7,57
81,6
141,57
125,49
144,62
23,1
157,1
102,65
143,66
0,54
160,6
60,68
159,47
178,60
2,63
117,50
76,12
136,63
120,55
153,3
139,68
111,6
56,70
97,71
171,57
152,7
14,73
55,74
129,60
132,65
173,66
145,4
90,68
164,17
48,71
122,20
106,12
6,74
166,63
4,1
138,1
83,65
124,66
143,79
96,4
127,71
25,60
99,9
85,74
159,60
2,76
117,63
136,76
175,4
120,68
139,81
92,6
133,7
50,9
91,10
36,74
113,65
154,66
27,25
173,79
71,68
112,69
145,17
131,82
84,7
115,74
87,12
166,76
45,15
105,66
124,79
163,7
108,71
22,31
25,73
66,74
140,23
121,10
24,77
142,69
175,17
161,82
59,71
174,21
17,74
177,26
154,79
167,18
112,82
170,23
54,77
147,39
105,79
3,31
163,20
140,36
181,37
142,82
101,44
174,34
158,26
177,39
176,80
33,31
167,31
10,47
170,36
128,39
169,40
3,44
89,47
162,37
181,50
146,29
5,53
165,42
123,45
155,34
158,39
116,42
135,55
33,44
93,58
109,39
68,1
169,53
153,45
172,58
89,60
9,37
162,50
146,42
5,66
165,55
60,2
104,45
123,58
180,40
139,2
56,4
97,5
157,56
160,61
148,7
13,48
118,64
51,74
151,12
16,53
90,2
48,5
92,48
111,61
9,50
143,13
41,2
127,5
60,15
104,58
145,59
178,7
164,72
136,10
81,74
122,75
120,2
20,64
180,53
39,77
4,56
78,5
23,69
138,56
37,4
157,69
36,8
160,74
13,61
99,64
173,13
118,77
154,0
16,66
57,67
90,15
76,80
134,58
175,59
48,18
92,61
166,10
111,74
152,75
105,0
124,13
69,77
110,78
143,26
108,5
8,67
27,80
11,72
145,72
2,23
103,75
87,67
20,77
106,80
1,27
161,16
59,5
4,69
23,82
64,83
119,19
163,62
96,72
154,13
99,77
140,78
173,26
57,80
15,83
175,72
133,75
105,13
50,77
91,78
8,80
94,83
168,32
167,73
126,35
84,75
170,78
43,37
142,16
87,80
1,40
161,29
45,83
163,75
176,14
121,78
38,80
79,81
179,19
156,35
54,24
114,38
31,40
75,83
149,32
168,45
88,22
126,48
109,81
142,29
141,33
144,38
42,27
176,27
0,30
179,32
137,35
156,48
114,51
130,32
171,33
107,48
46,38
65,51
151,54
49,43
7,46
141,46
125,38
42,40
0,43
19,56
51,8
178,49
35,0
136,52
169,0
139,57
72,67
172,5
171,46
14,62
129,49
148,62
113,41
132,54
151,67
164,6
7,59
81,8
122,9
125,51
166,52
23,3
157,3
102,67
143,68
160,8
60,70
159,49
178,62
16,0
2,65
117,52
136,65
120,57
139,70
111,8
152,9
97,73
14,75
55,76
129,62
8,1
113,54
132,67
173,68
90,70
131,71
164,19
29,60
103,9
48,73
106,14
6,76
166,65
105,55
138,3
124,68
143,81
108,60
96,6
127,73
99,11
44,75
85,76
159,62
38,1
57,14
2,78
117,65
175,6
120,70
161,71
133,9
78,73
152,22
17,63
91,12
36,76
50,11
94,17
154,68
173,81
71,70
112,71
167,7
84,9
170,12
115,76
87,14
73,79
147,28
4,16
105,68
124,81
163,9
108,73
22,33
66,76
140,25
24,79
142,71
101,33
59,73
100,74
174,23
133,22
17,76
91,25
177,28
110,38
75,17
154,81
167,20
10,36
170,25
54,79
3,33
130,74
163,22
162,26
181,39
40,36
174,36
158,28
177,41
42,82
176,82
135,44
33,33
93,47
10,49
128,41
169,42
86,44
172,47
28,39
162,39
181,52
146,31
5,55
165,44
21,36
155,36
158,41
116,44
135,57
93,60
151,1
150,42
169,55
153,47
172,60
70,49
111,50
9,39
146,44
5,68
60,4
104,47
123,60
164,61
81,63
180,42
139,4
56,6
97,7
55,10
160,63
13,50
132,1
173,2
118,66
16,55
90,4
134,47
48,7
92,50
111,63
9,52
124,2
143,15
41,4
127,7
85,10
145,61
164,74
103,64
136,12
122,77
120,4
20,66
106,69
39,79
180,55
139,17
4,58
78,7
23,71
138,58
97,20
36,10
96,61
160,76
113,1
13,63
99,66
173,15
118,79
16,68
57,69
112,5
76,82
15,72
175,61
48,20
18,77
133,64
92,63
152,77
166,12
105,2
50,66
124,15
69,79
110,80
108,7
8,69
27,82
168,21
11,74
145,74
103,77
87,69
1,29
106,82
161,18
4,71
45,72
119,21
163,64
96,74
154,15
99,79
140,80
112,18
57,82
98,83
131,31
175,74
54,13
133,77
31,29
91,80
75,72
8,82
149,21
168,34
167,75
126,37
84,77
170,80
43,39
142,18
87,82
128,83
1,42
161,31
163,77
176,16
121,80
38,82
79,83
179,21
137,24
156,37
155,78
114,40
31,42
158,83
149,34
107,37
126,50
109,83
141,35
144,40
102,43
176,29
0,32
179,34
137,37
156,50
114,53
171,35
129,38
46,40
132,43
26,61
125,40
39,0
0,45
159,38
51,10
178,51
35,2
136,54
139,59
97,62
171,48
14,64
129,51
148,64
113,43
132,56
151,69
90,59
164,8
7,61
122,11
20,0
125,53
166,54
39,13
124,57
157,5
143,70
127,62
60,72
160,10
99,0
159,51
178,64
57,3
2,67
117,54
136,67
120,59
139,72
152,11
97,75
69,13
14,77
55,78
8,3
113,56
154,57
173,70
145,8
131,73
103,11
48,75
122,24
6,78
166,67
4,5
105,57
124,70
143,83
108,62
96,8
127,75
25,64
99,13
140,14
85,78
38,3
2,80
43,81
117,67
175,8
120,72
161,73
133,11
78,75
119,76
152,24
17,65
91,14
36,78
94,19
154,70
173,83
167,9
112,73
84,11
170,14
115,78
87,16
73,81
147,30
45,19
105,70
3,22
163,11
108,75
149,76
22,35
66,78
140,27
24,81
82,22
142,73
59,75
100,76
174,25
155,12
17,78
177,30
75,19
176,71
135,33
179,76
167,22
10,38
170,27
54,81
147,43
3,35
130,76
88,79
47,41
162,28
181,41
165,33
98,43
40,38
155,25
174,38
158,30
177,43
93,49
10,51
128,43
169,44
172,49
89,51
28,41
47,54
162,41
146,33
5,57
165,46
123,49
21,38
180,31
116,46
157,47
160,52
93,62
13,39
150,44
169,57
134,36
172,62
111,52
102,3
146,46
5,70
60,6
123,62
164,63
2,1
136,1
81,65
122,66
20,55
180,44
139,6
97,9
157,60
160,65
13,52
132,3
173,4
118,68
16,57
90,6
131,7
134,49
48,9
92,52
166,1
111,65
152,66
9,54
124,4
8,58
127,9
11,63
85,12
44,11
145,63
164,76
117,1
103,66
122,79
120,6
20,68
106,71
161,7
4,60
78,9
23,73
64,74
138,60
96,63
154,4
99,68
173,17
118,81
112,7
57,71
15,74
175,63
18,79
133,66
92,65
152,79
105,4
50,68
91,69
110,82
108,9
8,71
94,74
168,23
11,76
145,76
84,66
103,79
87,71
1,31
161,20
4,73
100,10
3,77
163,66
121,69
154,17
140,82
156,26
54,15
133,79
174,80
31,31
91,82
130,10
75,74
149,23
168,36
33,77
167,77
126,39
24,28
84,79
170,82
1,44
119,36
163,79
176,18
121,82
179,23
63,77
137,26
156,39
54,28
155,80
114,42
31,44
149,36
148,40
151,45
141,37
125,29
102,45
176,31
0,34
179,36
137,39
178,40
114,55
34,32
171,37
14,53
129,40
5,4
151,58
7,50
26,63
125,42
39,2
102,58
143,59
0,47
41,48
159,40
178,53
35,4
117,43
136,56
34,45
139,61
97,64
171,50
14,66
129,53
132,58
173,59
90,61
164,10
20,2
106,5
6,67
166,56
124,59
143,72
127,64
99,2
44,66
159,53
16,4
2,69
117,56
136,69
120,61
139,74
133,0
78,64
152,13
97,77
50,2
55,80
113,58
173,72
112,62
131,75
103,13
48,77
6,80
4,7
105,59
124,72
163,0
108,64
127,77
168,78
99,15
140,16
85,80
38,5
2,82
43,83
142,62
175,10
161,75
133,13
78,77
119,78
152,26
17,67
91,16
36,80
154,72
52,24
167,11
112,75
84,13
170,16
115,80
73,83
147,32
45,21
105,72
3,24
163,13
108,77
149,78
22,37
66,80
140,29
181,30
24,83
142,75
40,27
155,14
100,78
174,27
17,80
58,81
177,32
91,29
176,73
135,35
179,78
167,24
10,40
137,81
170,29
54,83
128,32
147,45
3,37
130,78
88,81
162,30
181,43
5,46
165,35
123,38
40,40
155,27
158,32
177,45
135,48
93,51
32,41
51,54
35,46
150,33
169,46
153,38
172,51
89,53
28,43
162,43
146,35
5,59
165,48
104,38
123,51
180,33
14,0
160,54
148,0
118,57
51,67
151,5
150,46
169,59
172,64
111,54
9,43
44,0
145,52
178,0
164,65
2,3
136,3
81,67
122,68
20,57
180,46
139,8
4,49
23,62
97,11
157,62
36,1
96,52
55,14
160,67
13,54
173,6
118,70
16,59
90,8
131,9
76,73
134,51
175,52
48,11
92,54
166,3
111,67
152,68
124,6
69,70
110,71
143,19
8,60
127,11
25,0
11,65
85,14
30,78
145,65
164,78
117,3
103,68
122,81
87,60
20,70
106,73
161,9
4,62
78,11
23,75
64,76
138,62
22,79
96,65
55,27
154,6
99,70
140,71
173,19
112,9
57,73
131,22
15,76
175,65
18,81
133,68
152,81
105,6
50,70
91,71
8,73
94,76
168,25
149,12
11,78
52,79
167,66
84,68
170,71
103,81
87,73
1,33
161,22
100,12
45,76
119,25
58,15
3,79
61,20
176,7
121,71
38,73
79,74
179,12
82,79
156,28
54,17
133,81
174,82
75,76
149,25
168,38
88,15
33,79
167,79
126,41
109,74
1,46
142,22
141,26
144,31
163,81
176,20
19,36
179,25
63,79
137,28
156,41
21,82
95,31
155,82
114,44
171,26
107,41
148,42
151,47
7,39
141,39
144,44
102,47
0,36
51,1
178,42
171,39
14,55
129,42
148,55
132,47
151,60
7,52
81,1
122,2
125,44
166,45
39,4
102,60
143,61
160,1
32,1
159,42
178,55
2,58
117,45
35,6
136,58
34,47
120,50
139,63
111,1
152,2
97,66
14,68
55,69
129,55
132,60
173,61
90,63
164,12
62,1
103,2
48,66
106,7
6,69
166,58
105,48
64,10
124,61
143,74
127,66
44,68
85,69
159,55
57,7
2,71
117,58
120,63
161,64
92,1
133,2
78,66
152,15
97,79
50,4
91,5
110,18
55,82
94,10
173,74
112,64
131,77
115,69
48,79
103,15
87,7
6,82
45,10
105,61
124,74
163,2
108,66
127,79
168,80
121,5
140,18
85,82
38,7
24,72
142,64
161,77
174,16
119,80
17,69
91,18
36,82
77,83
177,21
75,10
154,74
52,26
167,13
112,77
84,15
170,18
115,82
54,72
147,34
45,23
3,26
130,67
89,29
149,80
163,15
121,18
66,82
107,83
181,32
140,31
142,77
155,16
100,80
174,29
17,82
58,83
177,34
158,21
176,75
135,37
179,80
137,83
170,31
128,34
169,35
172,40
130,80
28,32
88,83
162,32
181,45
146,24
5,48
165,37
123,40
155,29
158,34
116,37
135,50
93,53
32,43
35,48
150,35
169,48
153,40
172,53
162,45
146,37
5,61
165,50
104,40
123,53
164,54
180,35
138,38
157,51
160,56
13,43
118,59
16,48
150,48
153,53
92,43
111,56
9,45
50,46
127,0
27,62
44,2
164,67
2,5
103,57
136,5
122,70
20,59
106,62
180,48
139,10
4,51
78,0
23,64
138,51
97,13
157,64
36,3
96,54
55,16
13,56
173,8
118,72
16,61
131,11
76,75
29,0
115,3
15,65
175,54
134,53
48,13
18,70
133,57
6,16
152,70
166,5
124,8
69,72
110,73
108,0
8,62
127,13
168,14
25,2
66,3
11,67
30,80
145,67
43,19
103,70
122,83
87,62
1,22
106,75
161,11
59,0
4,64
64,78
22,81
96,67
154,8
99,72
140,73
57,75
98,76
15,78
101,81
175,67
54,6
18,83
133,70
152,83
91,73
8,75
94,78
168,27
149,14
11,80
52,81
167,68
170,73
87,75
128,76
1,35
161,24
100,14
45,78
3,81
163,70
176,9
121,73
38,75
79,76
179,14
82,81
156,30
155,71
158,76
130,14
75,78
149,27
88,17
33,81
167,81
126,43
109,76
67,79
26,41
141,28
144,33
176,22
179,27
63,81
137,30
156,43
114,46
130,27
171,28
148,44
7,41
141,41
144,46
42,35
0,38
159,31
51,3
178,44
136,47
139,52
172,0
171,41
14,57
129,44
113,36
132,49
151,62
30,1
90,52
164,1
7,54
122,4
166,47
143,63
160,3
159,44
178,57
2,60
136,60
120,52
139,65
111,3
152,4
97,68
69,6
14,70
55,71
110,7
173,63
11,1
145,1
90,65
131,66
164,14
103,4
48,68
122,17
106,9
6,71
166,60
124,63
143,76
96,1
127,68
99,6
44,70
85,71
140,7
57,9
2,73
117,60
76,22
175,1
120,65
161,66
133,4
78,68
152,17
97,81
17,58
91,7
50,6
94,12
154,63
173,76
52,15
167,2
112,66
131,79
170,7
115,71
87,9
73,74
147,23
45,12
105,63
3,15
163,4
108,68
127,81
168,82
121,7
140,20
24,74
82,15
142,66
161,79
59,68
100,69
174,18
119,82
17,71
91,20
177,23
176,64
135,26
52,28
179,69
112,79
167,15
170,20
109,10
147,36
12,77
45,25
3,28
130,69
89,31
149,82
121,20
162,21
181,34
165,26
82,28
142,79
101,41
155,18
100,82
174,31
177,36
42,77
176,77
33,28
179,82
51,45
128,36
169,37
172,42
130,82
162,34
181,47
146,26
5,50
165,39
123,42
155,31
158,36
116,39
157,40
160,45
93,55
32,45
169,50
153,42
172,55
111,45
146,39
5,63
104,42
123,55
164,56
122,59
180,37
97,2
157,53
14,4
160,58
13,45
118,61
131,0
150,50
153,55
92,45
6,5
111,58
9,47
8,51
127,2
11,56
103,59
122,72
20,61
106,64
180,50
161,0
4,53
78,2
23,66
138,53
97,15
36,5
99,61
173,10
118,74
112,0
131,13
76,77
29,2
15,67
175,56
18,72
133,59
92,58
152,72
6,18
91,62
124,10
110,75
108,2
8,64
94,67
27,77
168,16
66,5
11,69
30,82
145,69
103,72
142,0
87,64
1,24
106,77
147,78
161,13
59,2
4,66
45,67
100,3
64,80
3,70
163,59
22,83
77,19
121,62
80,24
140,75
154,10
57,77
98,78
15,80
101,83
175,69
156,19
54,8
133,72
174,73
91,75
177,78
130,3
149,16
94,80
168,29
33,70
52,83
167,70
84,72
170,75
43,34
87,77
128,78
1,37
45,80
86,81
3,83
163,72
176,11
121,75
179,16
79,78
82,83
156,32
155,73
158,78
75,80
116,81
149,29
88,19
33,83
167,83
109,78
67,81
141,30
144,35
102,38
176,24
0,27
146,81
179,29
63,83
137,32
178,33
171,30
88,32
148,46
46,35
132,38
151,51
7,43
0,40
44,46
159,33
178,46
136,49
139,54
171,43
14,59
113,38
132,51
151,64
30,3
90,54
164,3
7,56
122,6
6,60
166,49
23,0
124,52
143,65
127,57
160,5
159,46
2,62
76,11
136,62
15,1
120,54
139,67
18,6
152,6
97,70
110,9
55,73
154,52
173,65
145,3
90,67
131,68
122,19
106,11
6,73
166,62
4,0
45,1
124,65
143,78
108,57
96,3
127,70
25,59
99,8
140,9
85,73
57,11
2,75
43,76
98,12
175,3
1,79
161,68
133,6
78,70
119,71
152,19
17,60
91,9
75,1
94,14
167,4
112,68
131,81
170,9
115,73
87,11
128,12
73,76
147,25
45,14
31,79
105,65
3,17
163,6
108,70
149,71
22,30
121,9
66,73
140,22
181,23
79,12
24,76
142,68
161,81
59,70
100,71
174,20
155,7
17,73
58,74
177,25
158,12
61,79
176,66
135,28
179,71
112,81
167,17
170,22
54,76
147,38
12,79
3,30
130,71
89,33
88,74
47,36
162,23
181,36
165,28
174,33
158,25
177,38
42,79
176,79
0,82
33,30
150,26
169,39
153,31
172,44
70,33
28,36
162,36
146,28
5,52
165,41
123,44
21,33
180,26
116,41
157,42
160,47
32,47
118,50
169,52
134,31
153,44
172,57
9,36
60,1
104,44
145,45
122,61
180,39
139,1
4,42
97,4
157,55
55,7
160,60
118,63
16,52
90,1
131,2
76,66
134,44
175,45
48,4
92,47
111,60
110,64
8,53
127,4
11,58
85,7
145,58
164,71
103,61
122,74
20,63
106,66
161,2
4,55
78,4
23,68
138,55
36,7
99,63
140,64
173,12
131,15
76,79
115,7
15,69
175,58
18,74
133,61
6,20
152,74
91,64
110,77
108,4
8,66
94,69
168,18
11,71
167,59
84,61
170,64
103,74
142,2
87,66
1,26
106,79
147,80
161,15
59,4
100,5
45,69
119,18
64,82
3,72
163,61
77,21
176,0
121,64
140,77
179,5
79,67
98,80
82,72
15,82
156,21
115,20
54,10
133,74
174,75
91,77
177,80
130,5
75,69
94,82
135,83
168,31
167,72
126,34
170,77
109,67
1,39
128,80
142,15
45,82
86,83
163,74
176,13
121,77
162,78
179,18
79,80
165,83
137,21
156,34
155,75
114,37
31,39
158,80
75,82
116,83
171,19
88,21
107,34
148,35
46,24
109,80
67,83
141,32
144,37
42,26
102,40
0,29
146,83
137,34
178,35
114,50
171,32
129,35
46,37
132,40
49,42
7,45
125,37
0,42
41,43
159,35
178,48
2,51
117,38
76,0
136,51
120,43
53,53
139,56
14,61
129,48
113,40
27,0
132,53
173,54
164,5
122,8
106,0
6,62
166,51
23,2
83,53
124,54
143,67
127,59
85,62
159,48
57,0
2,64
117,51
136,64
120,56
139,69
152,8
97,72
55,75
8,0
94,3
154,54
173,67
112,57
145,5
131,70
115,62
48,72
103,8
106,13
6,75
4,2
45,3
124,67
108,59
127,72
168,73
85,75
38,0
24,65
98,14
43,78
57,13
142,57
1,81
161,70
175,5
133,8
78,72
119,73
174,9
17,62
91,11
36,75
77,76
177,14
75,3
94,16
80,81
154,67
52,19
167,6
112,70
131,83
84,8
170,11
115,75
87,13
73,78
147,27
45,16
31,81
163,8
108,72
149,73
22,32
121,11
66,75
107,76
181,25
140,24
24,78
142,70
161,83
155,9
100,73
174,22
17,75
58,76
177,27
158,14
61,81
176,68
135,30
179,73
167,19
10,35
137,76
170,24
54,78
169,28
67,17
12,81
172,33
130,73
89,35
88,76
47,38
162,25
181,38
146,17
46,79
5,41
165,30
155,22
158,27
42,81
176,81
35,41
150,28
169,41
153,33
172,46
28,38
162,38
146,30
5,54
165,43
104,33
164,47
180,28
138,31
157,44
160,49
118,52
134,33
153,46
9,38
50,39
143,1
60,3
30,60
145,47
104,46
164,60
122,63
106,55
180,41
139,3
4,44
97,6
55,9
160,62
13,49
99,52
173,1
118,65
16,54
131,4
48,6
175,47
92,49
133,50
152,63
110,66
8,55
127,6
11,60
85,9
145,60
84,50
43,12
103,63
122,76
1,15
161,4
106,68
4,57
78,6
119,7
64,71
36,9
163,50
22,74
96,60
99,65
140,66
112,4
57,68
98,69
115,9
15,71
175,60
18,76
133,63
152,76
105,1
91,66
110,79
108,6
8,68
94,71
168,20
149,7
11,73
52,74
167,61
170,66
87,68
128,69
1,28
147,82
161,17
100,7
45,71
119,20
58,10
3,74
163,63
61,15
176,2
121,66
140,79
181,80
179,7
79,69
98,82
82,74
174,77
31,28
158,69
91,79
177,82
130,7
75,71
88,10
167,74
126,36
170,79
109,69
128,82
67,72
141,21
144,26
176,15
121,79
162,80
0,18
179,20
79,82
63,74
137,23
156,36
21,77
155,77
114,39
158,82
171,21
148,37
46,26
151,42
109,82
150,83
7,34
141,34
144,39
42,28
102,42
0,31
178,37
180,83
171,34
14,50
129,37
46,39
132,42
7,47
125,39
166,40
143,56
41,45
159,37
178,50
2,53
117,40
76,2
136,53
120,45
139,58
97,61
14,63
129,50
110,0
113,42
132,55
173,56
131,59
164,7
122,10
106,2
6,64
166,53
105,43
124,56
143,69
108,48
127,61
140,0
57,2
2,66
117,53
120,58
161,59
152,10
97,74
91,0
55,77
8,2
94,5
154,56
173,69
52,8
112,59
131,72
170,0
115,64
103,10
6,77
45,5
105,56
124,69
108,61
127,74
168,75
121,0
85,77
126,78
38,2
79,3
24,67
43,80
142,59
1,83
161,72
100,62
174,11
119,75
133,10
17,64
91,13
36,77
77,78
177,16
94,18
80,83
154,69
167,8
112,72
170,13
115,77
156,78
109,3
54,67
73,80
147,29
12,70
31,83
3,21
130,62
163,10
149,75
66,77
107,78
181,27
162,14
24,80
65,81
165,19
142,72
21,11
155,11
100,75
174,24
158,16
58,78
177,29
75,18
116,19
61,83
176,70
135,32
179,75
10,37
137,78
54,80
95,81
169,30
12,83
172,35
130,75
88,78
47,40
162,27
181,40
146,19
46,81
5,43
165,32
40,37
125,81
158,29
42,83
157,33
160,38
93,48
150,30
169,43
134,22
172,48
111,38
28,40
146,32
5,56
104,35
164,49
180,30
138,33
157,46
160,51
13,38
118,54
150,43
134,35
50,41
164,62
2,0
122,65
106,57
180,43
139,5
4,46
23,59
97,8
173,3
118,67
38,44
131,6
15,60
175,49
48,8
18,65
133,52
92,51
152,65
124,3
110,68
8,57
127,8
168,9
11,62
85,11
145,62
24,1
84,52
43,14
103,65
161,6
106,70
4,59
78,8
64,73
163,52
22,76
121,55
154,3
140,68
112,6
57,70
98,71
15,73
101,76
175,62
18,78
133,65
174,66
91,68
177,71
110,81
149,9
94,73
168,22
66,11
11,75
52,76
167,63
107,12
10,79
170,68
84,65
87,70
128,71
1,30
100,9
119,22
3,76
163,65
61,17
176,4
121,68
140,81
181,82
179,9
79,71
82,76
54,14
40,79
174,79
31,30
130,9
75,73
149,22
88,12
33,76
167,76
126,38
46,15
65,28
170,81
109,71
68,33
67,74
26,36
141,23
70,79
144,28
176,17
162,82
0,20
146,74
179,22
63,76
137,25
156,38
21,79
155,79
114,41
171,23
14,39
148,39
132,31
151,44
141,36
144,41
9,82
102,44
0,33
44,39
159,26
178,39
34,31
97,50
171,36
14,52
129,39
132,44
90,47
7,49
6,53
166,42
125,41
39,1
143,58
127,50
159,39
178,52
2,55
117,42
76,4
136,55
139,60
37,49
97,63
55,66
113,44
154,45
173,58
90,60
131,61
122,12
106,4
6,66
166,55
105,45
124,58
143,71
127,63
99,1
140,2
85,66
57,4
2,68
117,55
98,5
101,10
1,72
161,61
120,60
78,63
119,64
152,12
17,53
91,2
55,79
8,4
94,7
173,71
52,10
112,61
131,74
170,2
115,66
87,4
128,5
147,18
105,58
108,63
168,77
121,2
140,15
85,79
126,80
181,16
38,4
79,5
24,69
43,82
142,61
161,74
155,0
100,64
174,13
119,77
17,66
58,67
177,18
77,80
91,15
158,5
94,20
176,59
179,64
112,74
167,10
170,15
115,79
156,80
109,5
54,69
73,82
114,83
147,31
12,72
3,23
130,64
149,77
88,67
162,16
107,80
181,29
24,82
65,83
165,21
142,74
40,26
155,13
100,77
141,78
174,26
58,80
144,83
177,31
176,72
135,34
0,75
179,77
10,39
137,80
54,82
95,83
169,32
153,24
172,37
130,77
171,78
88,80
47,42
162,29
46,83
5,45
165,34
123,37
180,19
125,83
157,35
160,40
32,40
35,45
150,32
169,45
153,37
172,50
111,40
28,42
146,34
5,58
104,37
145,38
164,51
122,54
180,32
138,35
157,48
55,0
160,53
99,43
118,56
134,37
175,38
111,53
8,46
11,51
164,64
2,2
122,67
20,56
106,59
4,48
97,10
36,0
96,51
55,13
173,5
131,8
76,72
115,0
15,62
175,51
18,67
133,54
152,67
124,5
110,70
8,59
94,62
168,11
127,10
66,0
11,64
85,13
167,52
24,3
170,57
103,67
87,59
1,19
106,72
147,73
161,8
4,61
64,75
3,65
163,54
22,78
77,14
121,57
140,70
112,8
57,72
98,73
15,75
101,78
156,14
18,80
133,67
174,68
31,19
91,70
177,73
149,11
94,75
168,24
52,78
167,65
65,17
10,81
170,70
109,60
1,32
128,73
100,11
45,75
86,76
119,24
3,78
89,81
163,67
176,6
121,70
162,71
179,11
79,73
82,78
156,27
54,16
40,81
155,68
174,81
75,75
116,76
149,24
88,14
33,78
148,28
46,17
151,33
109,73
67,76
141,25
70,81
144,30
102,33
0,22
19,35
146,76
63,78
137,27
178,28
21,81
155,81
114,43
171,25
14,41
132,33
151,46
141,38
144,43
102,46
143,47
0,35
41,36
159,28
178,41
2,44
120,36
97,52
171,38
14,54
129,41
132,46
173,47
29,39
122,1
6,55
166,44
143,60
127,52
159,41
2,57
117,44
136,57
139,62
18,1
152,1
97,65
110,4
55,68
154,47
173,60
131,63
115,55
106,6
6,68
166,57
147,7
105,47
124,60
127,65
168,66
140,4
85,68
98,7
101,12
1,74
161,63
133,1
78,65
119,66
174,2
17,55
91,4
177,7
94,9
80,74
112,63
131,76
170,4
115,68
87,6
128,7
73,71
86,10
105,60
163,1
108,65
168,79
121,4
66,68
107,69
181,18
126,82
140,17
79,7
24,71
82,12
142,63
161,76
155,2
100,66
174,15
119,79
17,68
58,69
177,20
77,82
158,7
75,9
61,74
176,61
135,23
19,77
179,66
52,25
167,12
137,69
170,17
156,82
109,7
54,71
169,21
67,10
12,74
172,26
130,66
89,28
149,79
88,69
162,18
107,82
181,31
46,72
5,34
165,23
49,77
40,28
155,15
100,79
141,80
158,20
58,82
42,74
176,74
135,36
0,77
179,79
32,29
137,82
150,21
169,34
153,26
172,39
130,79
171,80
28,31
88,82
129,83
162,31
146,23
5,47
165,36
123,39
180,21
138,24
157,37
74,39
160,42
32,42
159,83
118,45
35,47
150,34
134,26
153,39
28,44
104,39
145,40
164,53
122,56
180,34
4,37
138,37
157,50
55,2
160,55
118,58
175,40
6,2
133,43
152,56
50,45
110,59
8,48
11,53
145,53
2,4
122,69
20,58
106,61
4,50
23,63
119,0
36,2
163,43
22,67
96,53
55,15
140,59
173,7
131,10
76,74
115,2
15,64
175,53
18,69
133,56
152,69
91,59
110,72
8,61
94,64
168,13
149,0
11,66
52,67
167,54
43,18
170,59
87,61
1,21
106,74
147,75
161,10
100,0
64,77
17,2
58,3
3,67
163,56
22,80
121,59
80,21
140,72
179,0
98,75
82,67
15,77
101,80
156,16
54,5
18,82
155,57
174,70
91,72
177,75
130,0
149,13
94,77
135,78
168,26
88,3
52,80
167,67
65,19
10,83
170,72
109,62
128,75
100,13
45,77
86,78
141,14
3,80
89,83
144,19
176,8
121,72
162,73
179,13
79,75
165,78
82,80
156,29
21,70
40,83
155,70
174,83
158,75
130,13
75,77
116,78
171,14
88,16
33,80
74,81
148,30
46,19
151,35
109,75
7,27
67,78
141,27
70,83
144,32
83,22
102,35
0,24
146,78
63,80
104,81
178,30
21,83
136,33
180,76
139,38
171,27
148,43
132,35
7,40
134,81
48,41
166,33
41,38
60,51
25,30
44,43
159,30
178,43
2,46
136,46
120,38
97,54
14,56
129,43
132,48
173,49
30,0
131,52
164,0
29,41
48,54
122,3
6,57
166,46
124,49
143,62
127,54
159,43
2,59
117,46
120,51
161,52
18,3
152,3
97,67
17,44
110,6
55,70
173,62
11,0
131,65
115,57
103,3
6,70
147,9
105,49
64,11
124,62
3,1
127,67
168,68
140,6
85,70
126,71
98,9
142,52
1,76
161,65
101,14
133,3
174,4
119,68
17,57
91,6
177,9
94,11
80,76
33,1
52,14
167,1
112,65
170,6
115,70
156,71
128,9
73,73
12,63
86,12
45,11
130,55
89,17
149,68
163,3
168,81
121,6
162,7
107,71
181,20
24,73
65,74
165,12
63,1
82,14
142,65
155,4
100,68
174,17
119,81
158,9
58,71
177,22
75,11
61,76
176,63
135,25
19,79
179,68
52,27
137,71
109,9
54,73
95,74
169,23
12,76
172,28
130,68
89,30
149,81
88,71
162,20
181,33
46,74
5,36
165,25
49,79
155,17
141,82
125,74
158,22
42,76
157,26
176,76
0,79
179,81
32,31
150,23
169,36
34,77
153,28
172,41
37,82
171,82
28,33
146,25
5,49
123,41
164,42
180,23
138,26
157,39
160,44
32,44
150,36
134,28
153,41
69,47
164,55
103,45
122,58
180,36
4,39
138,39
97,1
13,44
118,60
15,53
175,42
18,58
92,44
110,61
8,50
127,1
27,63
168,2
11,55
43,7
103,58
122,71
106,63
4,52
78,1
36,4
163,45
22,69
77,5
99,60
140,61
98,64
131,12
115,4
15,66
101,69
175,55
18,71
133,58
152,71
91,61
110,74
108,1
8,63
94,66
168,15
149,2
66,4
11,68
52,69
167,56
107,5
10,72
170,61
87,63
128,64
1,23
147,77
161,12
100,2
45,66
64,79
58,5
3,69
163,58
22,82
121,61
140,74
181,75
179,2
79,64
98,77
137,5
82,69
156,18
101,82
54,7
174,72
158,64
91,74
177,77
130,2
149,15
94,79
135,80
88,5
33,69
52,82
93,83
46,8
170,74
49,13
109,64
128,77
26,29
141,16
86,80
100,15
70,72
3,82
144,21
176,10
162,75
0,13
179,15
79,77
165,80
137,18
82,82
123,83
156,31
21,72
155,72
158,77
130,15
171,16
116,80
88,18
33,82
74,83
148,32
49,26
109,77
150,78
7,29
67,80
153,83
141,29
144,34
9,75
102,37
41,27
146,80
63,82
104,83
178,32
136,35
180,78
139,40
171,29
148,45
151,50
7,42
134,83
125,34
166,35
124,38
143,51
41,40
127,43
25,32
159,32
178,45
2,48
136,48
139,53
113,37
154,38
173,51
30,2
90,53
131,54
29,43
122,5
6,59
166,48
105,38
64,0
124,51
143,64
22,3
127,56
85,59
2,61
15,0
120,53
161,54
18,5
119,57
152,5
110,8
55,72
94,0
154,51
173,64
11,2
52,3
112,54
131,67
115,59
45,0
3,3
108,56
168,70
140,8
85,72
126,73
181,9
98,11
43,75
1,78
161,67
174,6
119,70
17,59
91,8
177,11
77,73
75,0
94,13
176,52
80,78
33,3
52,16
179,57
112,67
167,3
170,8
115,72
128,11
73,75
114,76
147,24
12,65
86,14
31,78
45,13
3,16
130,57
89,19
149,70
168,83
88,60
162,9
107,73
181,22
121,8
79,11
24,75
65,76
165,14
63,3
68,81
142,67
155,6
100,70
141,71
174,19
158,11
58,73
144,76
177,24
61,78
176,65
135,27
19,81
179,70
137,73
54,75
95,76
169,25
150,12
12,78
172,30
130,70
171,71
89,32
88,73
47,35
162,22
46,76
5,38
165,27
63,16
49,81
180,12
125,76
42,78
83,79
157,28
0,81
160,33
93,43
51,46
150,25
169,38
34,79
153,30
172,43
70,32
113,79
5,51
146,27
123,43
164,44
20,36
180,25
39,49
157,41
160,46
32,46
118,49
134,30
175,31
152,47
145,44
103,47
122,60
4,41
97,3
55,6
118,62
38,39
57,52
131,1
15,55
175,44
18,60
133,47
152,60
110,63
8,52
127,3
168,4
11,57
85,6
126,7
103,60
161,1
106,65
147,66
4,54
119,4
3,58
163,47
22,71
77,7
36,6
121,50
140,63
112,1
98,66
115,6
15,68
101,71
156,7
18,73
133,60
174,61
91,63
177,66
110,76
149,4
94,68
168,17
107,7
52,71
167,58
10,74
170,63
142,1
87,65
128,66
1,25
147,79
45,68
86,69
119,17
3,71
89,74
163,60
121,63
140,76
181,77
179,4
79,66
98,79
137,7
82,71
156,20
54,9
95,10
40,74
174,74
158,66
177,79
130,4
116,69
135,82
88,7
148,21
46,10
151,26
170,76
49,15
109,66
128,79
169,80
7,18
26,31
141,18
86,82
125,10
70,74
144,23
176,12
162,77
0,15
146,69
79,79
165,82
179,17
137,20
178,21
21,74
155,74
114,36
158,79
171,18
116,82
88,20
148,34
46,23
109,79
150,80
7,31
67,82
141,31
144,36
9,77
102,39
143,40
0,28
146,82
44,34
178,34
136,37
180,80
138,83
171,31
129,34
