155,181
166,181
177,181
221,181
232,181
243,181
60,181
36,181
126,181
181,181
113,181
179,181
234,181
73,181
38,181
49,181
62,181
117,181
128,181
139,181
183,181
194,181
22,181
238,181
77,181
249,181
143,181
130,181
196,181
251,181
0,181
11,181
66,181
79,181
90,181
101,181
145,181
156,181
200,181
211,181
39,181
15,181
26,181
222,181
158,181
213,181
224,181
52,181
17,181
28,181
96,181
107,181
118,181
162,181
173,181
228,181
1,181
239,181
122,181
109,181
120,181
175,181
230,181
241,181
58,181
34,181
45,181
56,181
69,181
80,181
124,181
135,181
190,181
245,181
5,181
82,181
137,181
192,181
203,181
247,181
7,181
18,181
86,181
97,181
141,181
152,181
207,181
218,181
205,181
9,181
88,181
75,181
99,181
154,181
165,181
209,181
220,181
48,181
13,181
24,181
35,181
103,181
114,181
169,181
235,181
37,181
105,181
92,181
116,181
127,181
171,181
182,181
226,181
237,181
248,181
65,181
41,181
76,181
131,181
186,181
197,181
184,181
250,181
67,181
54,181
78,181
89,181
133,181
144,181
188,181
199,181
210,181
27,181
3,181
14,181
93,181
148,181
214,181
146,181
201,181
16,181
84,181
71,181
95,181
106,181
150,181
161,181
172,181
216,181
227,181
55,181
20,181
31,181
110,181
111,181
231,181
108,181
163,181
229,181
57,181
33,181
44,181
68,181
112,181
123,181
167,181
178,181
189,181
6,181
233,181
72,181
244,181
193,181
125,181
180,181
191,181
246,181
74,181
50,181
61,181
85,181
129,181
140,181
151,181
195,181
206,181
10,181
87,181
63,181
142,181
153,181
208,181
47,181
12,181
23,181
91,181
102,181
157,181
168,181
212,181
223,181
51,181
25,181
104,181
115,181
159,181
170,181
225,181
236,181
53,181
29,181
40,181
64,181
119,181
174,181
185,181
240,181
42,181
121,181
132,181
176,181
187,181
198,181
242,181
2,181
81,181
46,181
136,181
147,181
202,181
134,181
4,181
83,181
59,181
70,181
94,181
138,181
149,181
160,181
204,181
215,181
32,181
8,181
19,181
30,181
43,181
98,181
164,181
219,181
217,181
21,181
100,181
