118,104
71,29
16,93
90,42
48,45
134,85
92,88
6,48
166,37
83,39
41,42
127,45
44,47
85,48
159,34
117,37
62,101
59,32
78,45
97,58
36,48
55,61
154,40
71,42
112,43
131,56
48,58
105,40
124,53
8,107
127,58
187,109
25,47
66,48
85,61
43,64
101,5
87,107
59,45
18,7
78,58
17,48
36,61
110,10
94,2
52,5
115,61
54,51
128,0
73,64
45,2
31,67
105,53
64,15
22,18
66,61
140,10
101,18
174,8
158,0
58,62
17,61
75,2
94,15
61,67
80,80
52,18
54,64
128,13
73,77
86,16
31,80
70,8
3,18
130,59
88,62
47,24
5,27
79,13
65,78
82,18
123,19
26,86
100,72
58,75
42,67
116,16
33,18
74,19
93,32
32,22
51,35
150,14
95,78
67,16
86,29
53,81
172,32
72,94
70,21
89,34
56,86
171,73
28,24
88,75
162,24
129,76
47,37
46,78
63,18
104,19
49,83
68,96
21,21
62,22
81,35
180,14
39,38
125,78
116,29
74,32
19,96
60,97
13,22
32,35
118,38
51,48
16,27
35,40
150,27
136,92
34,81
172,45
92,22
56,99
28,37
69,38
14,102
27,41
151,107
30,46
164,46
62,35
81,48
122,49
39,51
185,105
23,43
157,43
143,108
96,33
25,89
99,38
118,51
16,40
57,41
76,54
136,105
92,35
111,48
50,38
69,51
110,52
187,43
173,108
11,46
30,59
71,97
84,36
103,49
122,62
87,41
106,54
23,56
64,57
55,8
96,46
99,51
38,41
57,54
76,67
15,57
133,49
31,1
50,51
91,52
94,57
11,59
52,60
85,8
84,49
43,11
170,52
103,62
87,54
106,67
188,106
45,57
119,6
64,70
77,9
121,52
80,14
38,54
79,55
98,68
82,60
115,8
101,73
73,11
18,75
114,12
31,14
91,65
75,57
149,6
135,71
107,9
52,73
167,60
109,55
68,17
183,4
100,6
45,70
86,71
141,7
58,9
77,22
42,1
61,14
80,27
19,17
179,6
79,68
98,81
63,60
137,9
82,73
156,22
101,86
21,63
54,11
155,63
114,25
12,14
53,15
72,28
75,70
116,71
88,9
33,73
74,74
93,87
46,12
65,25
10,89
49,17
68,30
109,68
128,81
67,71
172,87
125,12
89,89
28,79
102,28
47,92
60,31
165,84
21,76
136,26
81,90
53,28
72,41
158,81
37,20
56,33
14,36
129,23
93,100
113,15
46,25
151,41
51,103
49,30
90,31
16,82
7,33
153,87
70,89
83,28
102,41
69,93
60,44
25,23
44,36
123,100
164,101
117,26
62,90
136,39
81,103
34,28
120,31
20,93
39,106
37,33
78,34
97,47
157,98
55,50
160,103
113,28
13,90
71,31
16,95
90,44
29,34
48,47
152,104
105,29
108,34
41,44
127,47
44,49
85,50
11,101
76,1
117,39
62,103
120,44
161,45
59,34
78,47
97,60
138,98
36,50
55,63
27,1
154,42
173,55
71,44
112,45
57,109
131,58
29,47
115,50
106,1
133,104
105,42
124,55
91,107
22,7
8,109
127,60
66,50
85,63
24,53
98,2
84,104
43,66
57,1
87,109
59,47
77,64
80,69
52,7
112,58
54,53
128,2
188,53
45,4
89,10
130,48
22,20
168,74
66,63
181,13
126,77
79,2
98,15
101,20
40,10
174,10
119,74
158,2
58,64
116,5
61,69
19,72
93,21
52,20
10,23
51,24
109,2
54,66
128,15
12,69
86,18
72,83
70,10
130,61
89,23
47,26
88,64
5,29
79,15
46,67
63,7
82,20
21,10
40,23
81,24
58,77
42,69
116,18
74,21
19,85
93,34
179,74
32,24
51,37
67,18
72,96
70,23
111,24
56,88
171,75
28,26
47,39
14,91
129,78
148,91
88,77
65,93
151,96
104,21
68,98
21,23
62,24
7,88
81,37
39,40
125,80
74,34
60,99
13,24
32,37
118,40
16,29
117,81
76,43
136,94
92,24
111,37
50,27
69,40
14,104
113,83
151,109
30,48
104,34
62,37
122,51
39,53
185,107
4,32
23,45
157,45
124,97
96,35
13,37
118,53
16,42
57,43
76,56
134,34
15,46
92,37
18,51
78,102
50,40
69,53
110,54
27,56
30,61
145,48
186,49
71,99
43,0
84,38
103,51
122,64
87,43
106,56
45,46
64,59
96,48
22,62
99,53
66,105
38,43
57,56
15,59
18,64
133,51
17,105
91,54
110,67
75,46
8,56
94,59
52,62
126,11
24,0
84,51
170,54
87,56
161,5
128,57
147,70
45,59
119,8
64,72
77,11
22,75
80,16
121,54
140,67
38,56
79,57
98,70
82,62
101,75
54,0
40,65
31,16
75,59
94,72
135,73
33,62
107,11
52,75
126,24
93,76
65,14
49,6
68,19
128,70
67,60
141,9
100,8
86,73
26,22
70,65
58,11
42,3
61,16
102,17
176,3
19,19
79,70
165,73
63,62
137,11
156,24
123,76
114,27
12,16
53,17
72,30
56,22
130,8
135,86
74,76
32,79
65,27
49,19
68,32
150,71
26,35
153,76
172,89
125,14
42,16
9,68
102,30
162,81
0,19
60,33
21,78
62,79
53,30
139,33
56,35
171,22
116,86
14,38
129,25
113,17
132,30
51,105
71,20
90,33
7,35
48,36
153,89
125,27
83,30
124,31
69,95
60,46
25,25
44,38
159,25
145,90
117,28
62,92
136,41
34,30
20,95
139,46
37,35
78,36
23,100
97,49
55,52
113,30
173,44
71,33
16,97
90,46
57,98
131,47
29,36
48,49
152,106
105,31
127,49
44,51
85,52
11,103
2,54
43,55
76,3
117,41
120,46
87,98
59,36
78,49
36,52
55,65
154,44
131,60
29,49
115,52
106,3
188,42
133,106
73,55
105,44
91,109
22,9
108,49
66,52
85,65
98,4
43,68
1,71
59,49
100,50
119,63
17,52
91,1
36,65
177,4
77,66
163,106
135,7
52,9
112,60
54,55
128,4
73,68
86,7
89,12
149,63
107,66
98,17
101,22
100,63
174,12
158,4
58,66
42,58
116,7
61,71
176,58
33,9
10,25
51,26
156,79
54,68
95,69
114,82
12,71
86,20
172,23
70,12
171,64
88,66
146,7
46,69
5,31
65,82
63,9
104,10
68,87
183,74
21,12
40,25
81,26
39,29
58,79
42,71
116,20
102,85
74,23
19,87
93,36
60,88
13,13
32,26
51,39
35,31
134,10
67,20
34,72
53,85
72,98
70,25
111,26
56,90
171,77
69,29
129,80
187,21
132,85
151,98
104,23
49,87
90,88
123,36
62,26
7,90
81,39
39,42
157,34
96,24
160,39
60,101
99,29
32,39
118,42
16,31
35,44
76,45
136,96
53,98
92,26
152,40
50,29
69,42
132,98
173,99
30,50
62,39
103,40
122,53
20,42
106,45
64,48
124,99
96,37
127,104
118,55
57,45
76,58
59,91
92,39
18,53
50,42
91,43
110,56
94,48
126,0
71,101
186,51
84,40
103,53
87,45
45,48
64,61
77,0
66,107
38,45
57,58
101,64
73,2
18,66
59,104
133,53
91,56
110,69
75,48
94,61
107,0
52,64
84,53
170,56
87,58
128,59
45,61
86,62
119,10
58,0
3,64
77,13
89,67
61,5
80,18
79,59
98,72
63,51
137,0
82,64
101,77
95,3
40,67
114,16
72,19
75,61
135,75
107,13
46,3
65,16
10,80
49,8
68,21
183,8
128,72
169,73
67,62
26,24
86,75
172,78
125,3
58,13
70,67
89,80
61,18
102,19
19,21
63,64
82,77
123,78
40,80
81,81
53,19
72,32
56,24
88,13
74,78
46,16
32,81
49,21
68,34
109,72
7,24
26,37
153,78
172,91
70,80
83,19
28,83
60,35
44,27
104,78
123,91
117,17
34,19
120,22
53,32
56,37
97,38
14,40
129,27
113,19
132,32
71,22
90,35
7,37
48,38
153,91
185,43
83,32
50,84
69,97
41,35
60,48
44,40
62,94
136,43
78,38
97,51
138,89
36,41
55,54
160,107
113,32
71,35
16,99
131,49
48,51
122,0
152,108
105,33
124,46
127,51
66,41
11,105
85,54
43,57
142,36
59,38
4,102
78,51
119,52
17,41
55,67
154,46
112,49
131,62
29,51
115,54
73,57
147,6
133,108
105,46
64,8
108,51
22,11
66,54
85,67
181,4
43,70
142,49
101,11
40,1
100,52
119,65
17,54
58,55
91,3
77,68
163,108
61,60
135,9
94,8
80,73
52,11
170,3
115,67
54,57
128,6
188,57
114,71
12,60
31,73
70,1
130,52
149,65
88,55
162,4
107,68
126,81
5,20
65,71
82,11
123,12
21,1
40,14
174,14
58,68
77,81
42,60
116,9
176,60
74,12
32,15
51,28
35,20
54,70
95,71
67,9
53,74
172,25
70,14
89,27
171,66
47,30
107,81
5,33
104,12
49,76
21,14
62,15
81,28
39,31
125,71
116,22
83,74
0,76
74,25
19,89
13,15
32,28
118,31
51,41
16,20
35,33
134,12
34,74
53,87
139,90
172,38
92,15
37,79
56,92
69,31
129,82
27,34
151,100
30,39
62,28
7,92
81,41
180,20
125,84
166,85
4,23
96,26
60,103
25,82
99,31
178,95
16,33
57,34
76,47
136,98
92,28
152,42
50,31
69,44
113,87
132,100
173,101
30,52
90,103
84,29
122,55
87,34
6,109
4,36
23,49
64,50
124,101
41,103
127,106
99,44
38,34
57,47
76,60
120,103
59,93
50,44
17,96
91,45
36,109
94,50
52,53
167,40
126,2
84,42
170,45
43,4
87,47
106,60
64,63
77,2
66,109
38,47
79,48
98,61
82,53
59,106
174,56
91,58
75,50
94,63
33,53
52,66
126,15
10,69
170,58
68,10
1,20
128,61
45,63
86,64
3,66
89,69
61,7
80,20
79,61
98,74
63,53
156,15
101,79
21,56
95,5
54,4
114,18
174,69
31,20
72,21
177,74
75,63
116,64
135,77
88,2
107,15
46,5
65,18
51,83
49,10
68,23
183,10
128,74
109,61
67,64
141,13
86,77
172,80
26,26
125,5
70,69
89,82
28,72
102,21
19,23
60,24
146,64
63,66
104,67
178,16
95,18
40,82
53,21
72,34
158,74
37,13
56,26
74,80
113,8
51,96
49,23
169,88
134,67
153,80
172,93
125,18
70,82
111,83
9,72
83,21
28,85
102,34
60,37
44,29
104,80
2,32
117,19
62,83
34,21
120,24
53,34
20,86
139,37
37,26
23,91
56,39
97,40
14,42
129,29
55,43
96,81
113,21
99,86
90,37
29,27
134,80
48,40
153,93
185,45
152,97
50,86
143,48
41,37
44,42
85,43
164,107
117,32
62,96
120,37
139,50
59,27
78,40
97,53
138,91
55,56
96,94
71,37
112,38
131,51
29,40
115,43
48,53
175,94
50,99
124,48
22,0
108,40
127,53
25,42
66,43
11,107
85,56
145,107
186,108
24,46
43,59
101,0
59,40
78,53
119,54
17,43
36,56
110,5
77,57
80,62
52,0
112,51
115,56
54,46
73,59
31,62
89,3
22,13
66,56
107,57
167,108
24,59
100,54
174,3
119,67
17,56
58,57
77,70
61,62
80,75
33,0
52,13
167,0
51,17
137,57
54,59
128,8
72,76
88,57
47,19
107,70
126,83
46,60
79,8
63,0
82,13
123,14
49,65
81,17
100,67
141,68
26,81
58,70
42,62
102,76
0,65
74,14
93,27
32,17
51,30
109,8
95,73
169,22
114,86
67,11
12,75
53,76
172,27
70,16
111,17
56,81
171,68
28,19
88,70
47,32
5,35
46,73
65,86
104,14
49,78
123,27
68,91
21,16
62,17
81,30
20,20
23,25
138,12
83,76
157,25
74,27
60,92
118,33
16,22
35,35
76,36
136,87
34,76
153,27
139,92
37,81
50,20
69,33
14,97
151,102
30,41
145,28
71,79
62,30
4,25
83,89
96,28
160,43
60,105
25,84
99,33
178,97
57,36
76,49
120,92
139,105
92,30
133,31
152,44
50,33
69,46
110,47
8,36
27,49
173,103
30,54
186,42
90,105
84,31
103,44
122,57
87,36
106,49
4,38
45,39
64,52
124,103
55,3
96,41
127,108
99,46
66,98
38,36
57,49
98,50
15,52
101,55
120,105
59,95
18,57
17,98
91,47
110,60
75,39
94,52
168,1
154,103
52,55
126,4
84,44
170,47
29,108
87,49
128,50
147,63
45,52
64,65
77,4
182,57
80,9
38,49
79,50
98,63
82,55
156,4
142,106
101,68
155,45
114,7
31,9
91,60
75,52
33,55
107,4
52,68
126,17
24,6
10,71
170,60
109,50
68,12
128,63
67,53
26,15
100,1
86,66
70,58
58,4
89,71
77,17
61,9
80,22
181,74
79,63
63,55
82,68
156,17
95,7
40,71
174,71
72,23
158,63
130,1
56,15
116,66
135,79
33,68
74,69
46,7
65,20
49,12
67,66
86,79
172,82
125,7
83,10
28,74
102,23
19,25
60,26
5,90
63,68
159,5
178,18
104,69
21,71
95,20
34,10
53,23
72,36
56,28
157,80
74,82
113,10
46,20
13,72
49,25
90,26
48,29
172,95
92,72
111,85
9,74
41,26
60,39
25,18
44,31
104,82
117,21
62,85
34,23
120,26
20,88
37,28
78,29
97,42
55,45
113,23
173,37
71,26
16,90
90,39
48,42
152,99
124,37
8,91
41,39
27,104
44,44
85,45
30,109
145,96
164,109
43,48
84,86
103,99
161,40
59,29
78,42
97,55
17,32
36,45
55,58
154,37
71,39
112,40
115,45
73,48
6,58
124,50
22,2
127,55
66,45
11,109
85,58
126,59
24,48
43,61
170,102
59,42
100,43
17,45
77,59
135,0
80,64
52,2
112,53
115,58
54,48
73,61
86,0
31,64
47,8
66,58
107,59
98,10
65,62
82,2
1,77
100,56
174,5
119,69
58,59
77,72
42,51
61,64
80,77
33,2
137,59
51,19
54,61
128,10
95,62
67,0
31,77
130,56
89,18
28,8
47,21
88,59
107,72
181,21
5,24
46,62
65,75
104,3
7,70
155,5
81,19
26,83
40,18
158,10
58,72
42,64
116,13
157,14
74,16
60,81
32,19
51,32
35,24
95,75
134,3
34,65
53,78
72,91
37,70
70,18
56,83
111,19
171,70
28,21
69,22
88,72
5,37
151,91
104,16
123,29
90,81
62,19
81,32
122,33
20,22
39,35
96,17
60,94
99,22
32,32
16,24
35,37
76,38
136,89
92,19
111,32
9,21
50,22
69,35
8,25
173,92
30,43
62,32
103,33
4,27
138,27
41,94
127,97
25,86
99,35
44,99
118,48
57,38
76,51
117,89
15,41
92,32
133,33
18,46
152,46
50,35
91,36
110,49
8,38
94,41
27,51
173,105
30,56
84,33
103,46
87,38
106,51
45,41
64,54
105,92
124,105
121,36
66,100
140,49
38,38
57,51
98,52
15,54
101,57
161,108
18,59
133,46
17,100
91,49
110,62
75,41
94,54
168,3
52,57
126,6
186,57
84,46
170,49
87,51
128,52
147,65
45,54
119,3
86,55
163,46
22,70
77,6
80,11
121,49
140,62
79,52
184,105
63,44
82,57
73,8
114,9
155,47
174,60
40,60
31,11
75,54
116,55
52,70
126,19
93,71
65,9
109,52
68,14
67,55
26,17
86,68
70,60
144,9
89,73
61,11
102,12
162,63
19,14
179,3
79,65
63,57
82,70
95,9
40,73
114,22
12,11
53,12
72,25
56,17
14,20
132,12
65,22
49,14
68,27
150,66
7,17
67,68
172,84
125,9
70,73
42,11
9,63
102,25
41,15
60,28
5,92
44,20
159,7
95,22
53,25
56,30
74,84
113,12
13,74
118,90
71,15
48,31
153,84
92,74
166,23
6,34
83,25
69,90
41,28
127,31
60,41
25,20
44,33
104,84
117,23
62,87
136,36
34,25
120,28
4,82
78,31
37,30
97,44
36,34
55,47
96,85
113,25
154,26
118,103
71,28
16,92
90,41
57,93
48,44
134,84
92,87
152,101
105,26
108,31
127,44
66,34
85,47
43,50
84,88
1,53
59,31
78,44
36,47
55,60
154,39
140,104
112,42
131,55
115,47
73,50
31,53
105,39
66,47
85,60
126,61
43,63
101,4
87,106
59,44
17,47
58,48
77,61
61,53
94,1
80,66
135,2
52,4
38,106
79,107
115,60
54,50
73,63
86,2
31,66
3,4
130,45
88,48
47,10
65,64
68,69
26,72
174,7
58,61
42,53
116,2
61,66
80,79
0,56
137,61
54,63
153,5
53,67
86,15
56,72
130,58
89,20
28,10
88,61
47,23
46,64
5,26
65,77
151,80
104,5
123,18
68,82
62,8
7,72
81,21
26,85
39,24
42,66
102,80
74,18
60,83
32,21
118,24
51,34
16,13
35,26
95,77
134,5
34,67
53,80
92,8
37,72
111,21
56,85
171,72
28,23
69,24
129,75
5,39
46,77
164,32
62,21
81,34
122,35
20,24
180,13
39,37
125,77
83,80
143,94
96,19
41,83
160,34
60,96
25,75
99,24
118,37
76,40
136,91
92,21
50,24
69,37
14,101
8,27
30,45
164,45
84,22
103,35
87,27
106,40
6,102
23,42
64,43
105,81
143,107
108,86
96,32
25,88
38,27
57,40
76,53
15,43
175,32
18,48
133,35
17,89
91,38
50,37
110,51
94,43
27,53
173,107
30,58
186,46
84,35
170,38
87,40
106,53
45,43
64,56
22,59
38,40
79,41
98,54
15,56
101,59
59,99
133,48
18,61
91,51
75,43
94,56
154,107
33,46
52,59
126,8
170,51
128,54
45,56
86,57
3,59
130,100
89,62
77,8
22,72
61,0
80,13
121,51
79,54
184,107
98,67
63,46
82,59
114,11
174,62
72,14
75,56
135,70
176,108
33,59
107,8
52,72
93,73
10,75
49,3
109,54
68,16
67,57
86,70
70,62
58,8
89,75
42,0
61,13
102,14
19,16
60,17
63,59
104,60
123,73
21,62
95,11
40,75
34,1
53,14
37,6
56,19
129,9
74,73
46,11
151,27
49,16
90,17
35,81
7,19
134,60
67,70
153,73
172,86
125,11
70,75
28,78
102,27
143,28
47,91
41,17
60,30
146,70
159,9
104,73
178,22
2,25
120,17
53,27
56,32
97,33
23,84
14,35
55,36
113,14
173,28
71,17
16,81
90,30
29,20
48,33
153,86
92,76
6,36
83,27
50,79
69,92
41,30
25,22
44,35
85,36
159,22
164,100
117,25
62,89
136,38
122,103
120,30
20,92
59,20
4,84
78,33
97,46
36,36
55,49
96,87
113,27
13,89
118,105
71,30
16,94
57,95
48,46
18,103
152,103
105,28
108,33
127,46
25,35
66,36
85,49
43,52
1,55
161,44
59,33
78,46
36,49
77,50
182,103
154,41
80,55
140,106
112,44
57,108
131,57
115,49
54,39
73,52
133,103
105,41
31,55
108,46
149,47
8,108
168,60
75,98
66,49
167,101
126,63
24,52
98,1
43,65
101,6
87,108
17,49
58,50
77,63
61,55
80,68
137,50
156,63
54,52
155,104
86,4
31,68
130,47
88,50
47,12
181,12
126,76
46,53
165,4
65,66
49,58
123,7
68,71
100,60
26,74
158,1
58,63
42,55
116,4
61,68
102,69
74,7
93,20
51,23
53,69
72,82
111,10
56,74
171,61
47,25
88,63
46,66
5,28
65,79
104,7
123,20
81,23
26,87
39,26
42,68
0,71
41,72
160,23
60,85
74,20
32,23
118,26
51,36
16,15
35,28
92,10
111,23
171,74
50,13
69,26
14,90
148,90
113,69
151,95
104,20
30,34
62,23
103,24
7,87
122,37
48,88
180,15
39,39
125,79
60,98
13,23
99,26
118,39
16,28
57,29
2,93
76,42
136,93
139,98
92,23
152,37
69,39
110,40
30,47
145,34
84,24
48,101
122,50
87,29
64,45
124,96
96,34
22,48
99,39
66,91
38,29
57,42
76,55
15,45
175,34
18,50
133,37
78,101
59,88
17,91
91,40
110,53
173,109
11,47
52,48
186,48
84,37
170,40
87,42
45,45
64,58
3,48
80,2
66,104
38,42
79,43
82,48
15,58
18,63
59,101
158,43
91,53
75,45
94,58
176,97
33,48
52,61
126,10
179,102
65,0
170,53
128,56
26,8
45,58
86,59
77,10
89,64
130,102
121,53
47,67
79,56
63,48
82,61
101,74
95,0
40,64
72,16
56,8
135,72
74,62
107,10
93,75
46,0
65,13
51,78
49,5
68,18
109,56
67,59
141,8
86,72
125,0
70,64
144,13
42,2
28,67
19,18
60,19
63,61
137,10
123,75
81,78
34,3
53,16
180,57
72,29
39,81
37,8
56,21
116,72
157,73
14,24
129,11
74,75
93,88
113,3
32,78
49,18
7,21
48,22
125,13
83,16
28,80
69,81
41,19
60,32
62,78
120,19
37,21
78,22
23,86
97,35
14,37
55,38
129,24
113,16
13,78
71,19
90,32
131,33
29,22
48,35
134,75
175,76
6,38
152,92
105,17
50,81
69,94
108,22
25,24
44,37
85,38
159,24
11,89
117,27
43,41
62,91
122,105
20,94
59,22
78,35
97,48
64,100
17,25
36,38
55,51
71,32
57,97
131,46
29,35
115,38
15,100
73,41
18,105
152,105
105,30
127,48
66,38
11,102
85,51
126,52
43,54
1,57
161,46
87,97
59,35
100,36
119,49
36,51
77,52
80,57
154,43
112,46
115,51
54,41
73,54
133,105
31,57
91,108
130,36
22,8
75,100
66,51
107,52
126,65
65,55
184,43
84,105
98,3
170,108
68,60
100,49
119,62
58,52
177,3
77,65
42,44
61,57
176,44
135,6
19,60
10,11
137,52
51,12
54,54
95,55
128,3
114,68
130,49
89,11
28,1
88,52
46,55
65,68
151,71
49,60
123,9
125,55
158,3
58,65
42,57
116,6
61,70
176,57
19,73
93,22
60,74
51,25
95,68
153,9
53,71
172,22
70,11
56,76
171,63
28,14
88,65
129,66
5,30
187,7
46,68
104,9
90,74
164,23
62,12
81,25
26,89
39,28
23,20
138,7
96,10
160,25
60,87
13,12
32,25
16,17
35,30
76,31
134,9
120,74
92,12
111,25
56,89
171,76
50,15
69,28
14,92
129,79
132,84
71,74
30,36
62,25
103,26
48,90
106,31
39,41
4,20
124,85
96,23
99,28
118,41
85,93
16,30
57,31
76,44
117,82
136,95
15,34
92,25
133,26
78,90
59,77
50,28
69,41
110,42
11,36
30,49
112,88
131,101
84,26
103,39
122,52
87,31
45,34
64,47
105,85
124,98
22,50
127,103
121,29
66,93
85,106
38,31
57,44
15,47
101,50
18,52
59,90
17,93
110,55
75,34
94,47
154,98
52,50
186,50
84,39
170,42
87,44
54,96
128,45
45,47
64,60
22,63
80,4
66,106
79,45
98,58
82,50
101,63
40,53
158,45
75,47
94,60
135,61
33,50
52,63
126,12
179,104
170,55
128,58
67,48
26,10
86,61
70,53
89,66
61,4
102,5
88,107
79,58
165,61
5,72
63,50
82,63
123,64
21,53
95,2
40,66
53,5
72,18
56,10
116,61
135,74
14,13
33,63
74,64
129,0
93,77
46,2
65,15
51,80
49,7
68,20
35,72
26,23
141,10
67,61
86,74
125,2
70,66
89,79
42,4
9,56
102,18
41,8
60,21
5,85
63,63
104,64
123,77
95,15
62,67
53,18
37,10
56,23
14,26
74,77
113,5
32,80
90,21
48,24
134,64
153,77
172,90
6,27
125,15
92,67
9,69
83,18
127,24
27,86
60,34
104,77
178,26
122,94
120,21
37,23
78,24
23,88
97,37
55,40
96,78
113,18
154,19
71,21
90,34
57,86
131,35
76,99
29,24
48,37
175,78
152,94
50,83
69,96
108,24
127,37
25,26
66,27
11,91
85,40
43,43
117,29
20,96
59,24
78,37
119,38
17,27
36,40
55,53
112,35
57,99
131,48
29,37
115,40
73,43
18,107
152,107
105,32
66,40
11,104
85,53
126,54
24,43
43,56
1,59
59,37
119,51
17,40
58,41
77,54
61,46
80,59
112,48
115,53
54,43
73,56
188,43
133,107
174,108
12,46
130,38
88,41
47,3
107,54
181,3
24,56
65,57
68,62
142,48
40,0
100,51
58,54
177,5
42,46
61,59
135,8
19,62
93,11
63,105
51,14
54,56
95,57
114,70
12,59
86,8
53,60
72,73
70,0
130,51
171,52
28,3
88,54
47,16
107,67
46,57
65,70
151,73
49,62
123,11
21,0
40,13
81,14
125,57
39,17
42,59
83,60
116,8
102,73
74,11
19,75
32,14
51,27
137,67
150,6
95,70
136,71
153,11
53,73
172,24
37,65
111,14
56,78
171,65
69,17
129,68
113,60
46,70
146,8
5,32
104,11
49,75
62,14
81,27
180,6
39,30
138,9
83,73
60,89
13,14
99,17
32,27
118,30
16,19
35,32
76,33
120,76
139,89
92,14
37,78
111,27
97,92
50,17
69,30
129,81
55,95
8,20
187,22
30,38
71,76
90,89
131,90
29,79
103,28
106,33
64,36
96,25
99,30
159,81
38,20
57,33
76,46
59,79
78,92
50,30
91,31
94,36
11,38
30,51
131,103
84,28
103,41
87,33
106,46
147,47
6,108
4,35
45,36
64,49
127,105
121,31
66,95
38,33
57,46
98,47
101,52
59,92
18,54
17,95
91,44
36,108
75,36
94,49
33,39
52,52
167,39
186,52
170,44
87,46
54,98
45,49
86,50
77,1
89,55
149,106
66,108
79,47
98,60
63,39
82,52
183,104
40,55
155,42
114,4
174,55
58,109
177,60
75,49
116,50
135,63
33,52
52,65
93,66
179,106
65,4
10,68
51,69
128,60
67,50
26,12
86,63
70,55
58,1
130,106
144,4
47,71
60,10
79,60
63,52
82,65
123,66
95,4
40,68
114,17
81,69
53,7
72,20
56,12
116,63
135,76
14,15
129,2
46,4
51,82
49,9
90,10
35,74
169,74
67,63
172,79
125,4
70,68
111,69
102,20
41,10
60,23
146,63
104,66
117,5
62,69
34,7
120,10
20,72
53,20
37,12
56,25
97,26
55,29
74,79
113,7
173,21
16,74
90,23
76,88
48,26
153,79
92,69
50,72
124,21
69,85
41,23
127,26
44,28
85,29
104,79
117,18
62,82
120,23
20,85
180,74
106,88
59,13
78,26
23,90
97,39
36,29
55,42
113,20
71,23
112,24
57,88
131,37
76,101
48,39
134,79
175,80
133,83
105,21
50,85
108,26
8,88
168,40
66,29
85,42
184,21
1,48
59,26
4,90
78,39
17,29
77,43
163,83
96,93
112,37
115,42
15,104
54,32
73,45
18,109
152,109
31,48
108,39
149,40
66,42
11,106
126,56
186,107
43,58
100,40
119,53
17,42
58,43
77,56
61,48
80,61
93,0
79,102
54,45
73,58
114,59
31,61
158,102
130,40
89,2
47,5
88,43
107,56
181,5
46,46
65,59
49,51
123,0
68,64
58,56
42,48
61,61
19,64
32,3
51,16
137,56
35,8
95,59
53,62
72,75
70,2
56,67
171,54
47,18
129,57
88,56
148,70
46,59
5,21
65,72
49,64
123,13
81,16
39,19
125,59
83,62
102,75
74,13
60,78
32,16
118,19
51,29
35,21
95,72
134,0
53,75
92,3
37,67
111,16
56,80
171,67
69,19
132,75
104,13
71,65
30,27
62,16
81,29
122,30
20,19
125,72
166,73
23,24
83,75
143,89
60,91
99,19
118,32
16,21
57,22
76,35
117,73
34,75
120,78
92,16
78,81
50,19
69,32
14,96
110,33
8,22
11,27
30,40
131,92
84,17
103,30
166,86
64,38
108,81
96,27
25,83
99,32
57,35
76,48
117,86
43,100
15,38
18,43
59,81
50,32
91,33
110,46
8,35
94,38
173,102
52,41
84,30
87,35
45,38
64,51
163,30
182,43
66,97
140,46
38,35
79,36
98,49
82,41
15,51
101,54
142,92
59,94
18,56
174,44
17,97
91,46
75,38
94,51
168,0
52,54
170,46
109,36
54,100
128,49
45,51
86,52
77,3
89,57
47,60
80,8
79,49
98,62
63,41
82,54
101,67
21,44
40,57
155,44
114,6
56,1
75,51
116,52
42,103
33,54
74,55
93,68
10,70
109,49
68,11
67,52
26,14
86,65
70,57
63,54
104,55
123,68
21,57
95,6
136,7
53,9
72,22
39,74
37,1
56,14
116,65
74,68
46,6
49,11
16,63
35,76
150,63
134,55
67,65
172,81
125,6
111,71
102,22
60,25
159,4
178,17
2,20
117,7
122,85
34,9
120,12
37,14
78,15
55,31
99,74
71,12
16,76
90,25
131,26
76,90
48,28
92,71
6,31
9,73
50,74
41,25
25,17
44,30
85,31
2,33
117,20
62,84
103,85
120,25
20,87
161,26
59,15
78,28
23,92
97,41
64,93
36,31
55,44
96,82
38,77
112,26
57,90
131,39
71,25
115,31
73,34
18,98
133,85
91,88
108,28
168,42
66,31
85,44
126,45
145,95
24,34
43,47
84,85
161,39
59,28
100,29
4,92
17,31
36,44
77,45
80,50
112,39
115,44
156,45
175,95
54,34
73,47
31,50
130,29
22,1
66,44
101,1
128,104
100,42
119,55
86,107
58,45
77,58
42,37
61,50
80,63
19,53
93,2
63,96
51,5
54,47
95,48
114,61
31,63
72,64
88,45
47,7
107,58
167,109
46,48
65,61
49,53
68,66
26,69
125,48
58,58
42,50
61,63
102,64
135,12
74,2
19,66
93,15
146,107
137,58
51,18
35,10
95,61
53,64
72,77
111,5
56,69
88,58
129,59
14,72
46,61
123,15
68,79
62,5
81,18
26,82
125,61
83,64
157,13
102,77
41,67
60,80
32,18
118,21
35,23
76,24
134,2
34,64
120,67
53,77
92,5
37,69
111,18
56,82
97,83
171,69
50,8
27,24
113,64
71,67
104,15
62,18
103,19
20,21
6,86
124,78
96,16
60,93
25,72
16,23
57,24
76,37
136,88
92,18
50,21
69,34
55,99
27,37
154,78
173,91
30,42
71,80
131,94
84,19
29,83
87,24
4,26
64,40
105,78
108,83
22,43
96,29
25,85
99,34
57,37
98,38
2,101
43,102
15,40
101,43
18,45
133,32
152,45
91,35
110,48
75,27
8,37
94,40
52,43
186,43
84,32
87,37
45,40
64,53
22,56
66,99
38,37
79,38
98,51
82,43
101,56
161,107
17,99
91,48
58,100
158,38
75,40
94,53
33,43
52,56
93,57
126,5
10,59
170,48
109,38
54,102
147,64
67,41
12,105
86,54
70,46
89,59
47,62
79,51
63,43
82,56
21,46
40,59
155,46
114,8
174,59
72,11
56,3
42,105
116,54
135,67
33,56
74,57
148,6
93,70
65,8
51,73
35,65
109,51
68,13
67,54
26,16
86,67
70,59
89,72
28,62
102,11
41,1
60,14
63,56
178,6
62,60
136,9
95,8
81,73
39,76
37,3
56,16
171,3
14,19
160,73
13,60
132,11
32,73
48,17
172,83
92,60
125,8
111,73
124,12
41,14
27,79
60,27
44,19
159,6
104,70
2,22
117,9
122,87
120,14
20,76
139,27
4,68
78,17
23,81
157,81
55,33
96,71
113,11
154,12
99,76
71,14
90,27
131,28
48,30
92,73
6,33
111,86
105,12
50,76
69,89
25,19
66,20
85,33
43,36
117,22
120,27
87,79
59,17
78,30
119,31
64,95
17,20
36,33
55,46
96,84
140,90
112,28
115,33
15,95
73,36
18,100
152,100
108,30
66,33
85,46
126,47
43,49
84,87
142,28
59,30
100,31
45,95
17,33
77,47
80,52
112,41
79,93
115,46
54,36
73,49
130,31
88,34
126,60
24,49
65,50
68,55
101,3
128,106
1,65
58,47
77,60
163,100
42,39
61,52
135,1
121,103
80,65
179,44
165,109
63,98
137,47
51,7
54,49
95,50
86,1
172,4
72,66
158,106
31,65
171,45
88,47
107,60
46,50
65,63
49,55
123,4
68,68
26,71
125,50
39,10
144,63
42,52
102,66
0,55
51,20
67,1
34,53
53,66
72,79
37,58
70,6
56,71
171,58
69,10
113,53
46,63
132,66
104,4
90,69
62,7
7,71
81,20
26,84
39,23
83,66
102,79
41,69
60,82
99,10
32,20
118,23
44,74
178,74
35,25
2,77
76,26
117,64
134,4
53,79
92,7
37,71
111,20
56,84
50,10
69,23
27,26
132,79
71,69
62,20
29,72
103,21
122,34
20,23
106,26
64,29
105,67
143,93
96,18
182,21
41,82
25,74
99,23
159,74
85,88
38,13
57,26
2,90
76,39
92,20
50,23
91,24
154,80
71,82
112,83
131,96
84,21
115,88
87,26
106,39
4,28
45,29
64,42
105,80
3,32
22,45
127,98
25,87
140,37
38,26
24,91
57,39
15,42
59,85
133,34
18,47
174,35
17,88
91,37
110,50
75,29
94,42
33,32
52,45
84,34
170,37
87,39
86,43
89,48
163,34
149,99
22,58
79,40
98,53
63,32
82,45
101,58
40,48
158,40
58,102
75,42
116,43
33,45
52,58
93,59
167,45
179,99
51,62
170,50
109,40
128,53
67,43
86,56
172,59
70,48
89,61
28,51
47,64
79,53
63,45
82,58
123,59
81,62
114,10
53,0
135,69
74,59
132,0
32,62
90,3
109,53
35,67
67,56
70,61
60,16
164,73
62,62
34,0
120,3
53,13
20,65
39,78
37,5
23,70
56,18
97,19
14,21
129,8
113,0
16,67
90,16
150,67
76,81
48,19
153,72
92,62
50,65
41,16
127,19
27,81
25,8
44,21
159,8
104,72
2,24
117,11
103,76
122,89
120,16
59,6
78,19
23,83
97,32
36,22
55,35
96,73
113,13
13,75
99,78
118,91
71,16
112,17
57,81
131,30
29,19
48,32
92,75
6,35
105,14
50,78
124,27
108,19
25,21
66,22
85,35
2,37
43,38
84,76
184,14
122,102
87,81
59,19
4,83
78,32
119,33
64,97
36,35
55,48
96,86
38,81
57,94
115,35
73,38
18,102
152,102
108,32
75,84
66,35
52,100
126,49
84,89
1,54
100,33
45,97
58,36
77,49
182,102
61,41
80,54
140,105
137,36
54,38
73,51
114,52
31,54
177,108
75,97
149,46
88,36
107,49
126,62
65,52
68,57
100,46
58,49
77,62
42,41
61,54
121,105
162,106
80,67
19,57
79,108
63,100
137,49
51,9
35,1
95,52
155,103
53,55
86,3
72,68
56,60
130,46
88,49
148,63
46,52
165,3
65,65
151,68
49,57
123,6
68,70
183,57
81,9
26,73
39,12
125,52
42,54
83,55
157,4
9,106
102,68
32,9
51,22
35,14
95,65
136,66
53,68
180,109
37,60
111,9
56,73
171,60
69,12
113,55
187,4
30,20
49,70
90,71
62,9
48,74
81,22
125,65
23,17
83,68
41,71
60,84
118,25
159,63
16,14
57,15
2,79
76,28
117,66
34,68
120,71
92,9
37,73
111,22
50,12
69,25
110,26
14,89
55,90
113,68
11,20
30,33
90,84
84,10
29,74
103,23
122,36
87,15
20,25
106,28
6,90
64,31
22,34
108,74
99,25
85,90
38,15
57,28
2,92
76,41
50,25
91,26
110,39
11,33
52,34
87,28
106,41
6,103
45,31
64,44
105,82
124,95
3,34
163,23
22,47
121,26
66,90
126,104
79,29
82,34
15,44
18,49
133,36
59,87
17,90
91,39
75,31
176,83
33,34
52,47
186,47
170,39
156,104
54,93
128,42
45,44
86,45
89,50
130,88
47,53
162,40
79,42
165,45
98,55
63,34
82,47
101,60
40,50
155,37
72,2
58,104
158,42
75,44
42,96
116,45
176,96
33,47
74,48
93,61
51,64
68,4
128,55
67,45
26,7
86,58
172,61
70,50
130,101
89,63
28,53
47,66
60,5
5,69
63,47
104,48
123,61
21,50
40,63
81,64
136,0
125,107
72,15
74,61
93,74
132,2
32,64
51,77
16,56
49,4
134,48
67,58
26,20
172,74
70,63
83,2
69,67
60,18
44,10
104,61
123,74
117,0
62,64
81,77
39,80
37,7
56,20
23,72
14,23
129,10
96,62
55,24
113,2
32,77
118,80
173,16
90,18
29,8
134,61
48,21
6,24
92,64
50,67
69,80
108,8
127,21
27,83
44,23
159,10
85,24
103,78
120,18
59,8
4,72
78,21
23,85
97,34
36,24
55,37
96,75
99,80
38,70
112,19
57,83
131,32
71,18
115,24
48,34
6,37
152,91
105,16
50,80
124,29
108,21
66,24
85,37
43,40
147,97
59,21
119,35
64,99
17,24
36,37
77,38
80,43
121,81
112,32
57,96
54,27
73,40
18,104
31,43
177,97
66,37
52,102
126,51
43,53
10,105
1,56
87,96
100,35
119,48
58,38
3,102
77,51
61,43
176,30
121,94
80,56
181,108
19,46
63,89
137,38
54,40
73,53
114,54
40,105
31,56
72,57
130,35
88,38
107,51
126,64
46,41
65,54
49,46
68,59
26,62
141,49
58,51
42,43
61,56
135,5
162,108
93,8
51,11
137,51
95,54
169,3
114,67
53,57
56,62
171,49
28,0
88,51
129,52
148,65
46,54
132,57
65,67
151,70
49,59
123,8
68,72
81,11
141,62
125,54
39,14
144,67
23,6
9,108
42,56
83,57
74,8
41,60
60,73
44,65
150,3
95,67
136,68
76,17
34,57
53,70
37,62
56,75
171,62
50,1
69,14
14,78
27,17
71,60
30,22
90,73
145,9
62,11
103,12
20,14
180,3
39,27
106,17
157,19
160,24
127,76
60,86
13,11
118,27
16,16
57,17
2,81
76,30
134,8
15,20
120,73
92,11
133,12
18,25
50,14
69,27
110,28
55,92
113,70
11,22
71,73
30,35
84,12
103,25
48,89
122,38
106,30
6,92
45,20
64,33
105,71
124,84
96,22
108,76
99,27
85,92
38,17
57,30
98,31
175,22
120,86
101,36
59,76
91,28
110,41
8,30
94,33
173,97
11,35
52,36
167,23
112,87
84,25
87,30
128,31
45,33
64,46
3,36
121,28
85,105
126,106
79,31
82,36
101,49
40,39
155,26
59,89
119,103
17,92
91,41
177,44
75,33
61,98
135,47
94,46
176,85
33,36
52,49
93,50
170,41
156,106
109,31
54,95
128,44
67,34
86,47
70,39
89,52
130,90
47,55
79,44
63,36
82,49
123,50
40,52
141,104
158,44
144,109
177,57
42,98
116,47
135,60
33,49
74,50
93,63
179,103
65,1
32,53
51,66
151,4
67,47
26,9
86,60
70,52
130,103
171,104
89,65
102,4
146,47
60,7
165,60
63,49
104,50
123,63
62,53
95,1
81,66
53,4
139,7
72,17
39,69
56,9
14,12
74,63
32,66
51,79
16,58
48,10
153,63
125,1
92,53
69,69
60,20
5,84
145,64
62,66
34,4
120,7
37,9
78,10
97,23
138,61
55,26
113,4
154,5
99,69
173,18
76,85
48,23
134,63
92,66
152,80
105,5
50,69
124,18
110,83
108,10
8,72
41,20
27,85
187,74
44,25
85,26
2,28
84,67
184,5
43,29
103,80
120,20
106,85
78,23
23,87
97,36
64,88
17,13
36,26
55,39
112,21
57,85
131,34
76,98
29,23
115,26
73,29
6,39
133,80
152,93
50,82
108,23
66,26
11,90
85,39
84,80
59,23
119,37
17,26
36,39
77,40
80,45
121,83
179,24
15,101
54,29
73,42
18,106
31,45
66,39
107,40
126,53
24,42
65,43
10,107
68,48
109,86
128,99
1,58
119,50
58,40
77,53
42,32
61,45
80,58
19,48
63,91
137,40
82,104
51,0
54,42
95,43
31,58
72,59
130,37
88,40
107,53
46,43
65,56
49,48
68,61
67,102
39,3
58,53
42,45
61,58
0,48
19,61
60,62
32,0
51,13
137,53
95,56
155,107
34,46
53,59
37,51
56,64
171,51
69,3
88,53
129,54
46,56
132,59
151,72
49,61
90,62
123,10
62,0
7,64
81,13
134,105
125,56
144,69
23,8
83,59
60,75
99,3
44,67
150,5
76,19
117,57
34,59
120,62
53,72
111,13
56,77
50,3
69,16
55,81
113,59
27,19
187,8
11,11
71,62
30,24
29,65
103,14
62,13
122,27
20,16
106,19
180,5
23,21
64,22
83,72
124,73
96,11
99,16
118,29
85,81
57,19
76,32
15,22
120,75
18,27
92,13
59,65
152,27
50,16
91,17
36,81
55,94
8,19
94,22
154,73
71,75
84,14
29,78
48,91
87,19
106,32
4,21
45,22
64,35
105,73
121,17
38,19
57,32
24,84
98,33
15,35
101,38
1,100
59,78
78,91
119,92
91,30
75,22
94,35
33,25
52,38
131,102
84,27
87,32
54,84
45,35
86,36
105,86
3,38
89,41
22,51
121,30
66,94
126,108
79,33
98,46
63,25
82,38
101,51
142,89
161,102
119,105
17,94
58,95
75,35
135,49
176,87
33,38
52,51
93,52
19,103
170,43
109,33
54,97
67,36
12,100
86,49
70,41
89,54
47,57
162,44
181,57
79,46
63,38
82,51
183,103
40,54
141,106
158,46
116,49
135,62
74,52
93,65
179,105
32,55
151,6
51,68
109,46
150,47
169,60
67,49
26,11
70,54
185,4
130,105
28,57
47,70
88,108
60,9
165,62
44,1
104,52
123,65
62,55
81,68
53,6
139,9
56,11
138,50
157,63
14,14
74,65
32,68
48,12
92,55
166,4
111,68
50,58
124,7
69,71
127,12
60,22
27,74
104,65
117,4
62,68
103,69
120,9
78,12
97,25
55,28
96,66
160,81
113,6
99,71
173,20
16,73
90,22
76,87
48,25
92,68
152,82
105,7
50,71
124,20
110,85
108,12
127,25
66,15
85,28
184,7
122,95
161,23
59,12
78,25
119,26
64,90
23,89
36,28
22,93
55,41
96,79
38,74
112,23
57,87
131,36
76,100
29,25
115,28
15,90
175,79
73,31
18,95
133,82
152,95
105,20
31,34
91,85
66,28
85,41
43,44
59,25
100,26
119,39
64,103
58,29
77,42
163,82
61,34
80,47
121,85
140,98
112,36
115,41
156,42
101,106
54,31
73,44
18,108
114,45
12,34
31,47
130,26
75,90
135,104
88,29
126,55
65,45
68,50
100,39
26,53
58,42
77,55
42,34
61,47
80,60
0,37
63,93
51,2
54,44
53,48
72,61
56,53
130,39
116,104
47,4
88,42
46,45
65,58
49,50
68,63
81,2
67,104
42,47
83,48
19,63
60,64
118,5
137,55
51,15
35,7
95,58
136,59
34,48
53,61
72,74
37,53
56,66
171,53
28,4
69,5
129,56
113,48
46,58
132,61
151,74
49,63
90,64
134,107
48,67
125,58
39,18
23,10
83,61
102,74
96,0
41,64
60,77
25,56
99,5
44,69
118,18
2,72
76,21
136,72
175,0
120,64
34,61
92,2
37,66
78,67
111,15
97,80
50,5
69,18
129,69
55,83
113,61
27,21
71,64
145,13
29,67
103,16
87,8
106,21
23,23
105,62
64,24
108,67
127,80
25,69
99,18
57,21
76,34
117,72
15,24
120,77
59,67
97,93
91,19
8,21
94,24
71,77
131,91
84,16
29,80
103,29
87,21
45,24
64,37
108,80
66,83
126,97
79,22
24,86
98,35
43,99
82,27
59,80
18,42
17,83
91,32
75,24
94,37
80,102
52,40
109,22
73,99
147,48
45,37
86,38
12,89
89,43
22,53
121,32
66,96
79,35
98,48
63,27
82,40
101,53
40,43
58,97
75,37
116,38
61,102
74,41
93,54
10,56
51,57
109,35
67,38
26,0
86,51
70,43
89,56
47,59
162,46
63,40
104,41
123,54
21,43
7,108
155,43
114,5
81,57
40,56
56,0
42,102
116,51
74,54
93,67
179,107
51,70
67,51
26,13
70,56
111,57
37,108
171,108
143,9
60,11
187,52
104,54
178,3
123,67
62,57
20,60
37,0
56,13
96,55
129,3
55,17
132,8
118,73
16,62
90,11
35,75
76,76
29,1
134,54
92,57
111,70
9,59
50,60
124,9
127,14
44,16
85,17
30,81
2,19
117,6
120,11
20,73
106,76
59,1
78,14
97,27
55,30
96,68
99,73
173,22
118,86
71,11
16,75
76,89
29,14
115,17
48,27
18,84
6,30
92,70
105,9
50,73
69,86
127,27
25,16
66,17
85,30
24,20
43,33
87,76
59,14
78,27
119,28
64,92
17,17
36,30
77,31
80,36
121,74
38,76
112,25
57,89
131,38
15,92
175,81
54,20
73,33
18,97
133,84
31,36
105,22
108,27
149,28
8,89
66,30
107,31
126,44
87,89
100,28
17,30
58,31
77,44
61,36
80,49
181,101
79,90
156,44
54,33
73,46
114,47
12,36
31,49
72,50
130,28
88,31
126,57
46,34
65,47
49,39
68,52
128,103
100,41
67,93
86,106
26,55
58,44
42,36
61,49
0,39
93,1
63,95
51,4
123,109
95,47
114,60
53,50
72,63
56,55
130,41
171,42
88,44
47,6
14,58
129,45
46,47
65,60
151,63
49,52
123,1
68,65
150,104
7,55
42,49
83,50
41,53
160,4
44,58
159,45
63,108
35,9
95,60
136,61
53,63
37,55
56,68
97,69
69,7
129,58
113,50
71,53
90,66
103,5
134,109
122,18
48,69
106,10
39,20
125,60
6,72
185,74
83,63
124,64
157,12
96,2
41,66
127,69
60,79
25,58
118,20
57,10
76,23
117,61
134,1
34,63
120,66
175,2
92,4
37,68
78,69
97,82
50,7
36,72
69,20
110,21
55,85
27,23
11,15
71,66
29,69
103,18
122,31
87,10
64,26
105,64
124,77
96,15
182,18
108,69
25,71
99,20
38,10
57,23
98,24
15,26
18,31
91,21
110,34
75,13
94,26
154,77
52,29
131,93
84,18
29,82
87,23
128,24
73,88
45,26
64,39
105,77
108,82
22,42
140,34
38,23
79,24
24,88
98,37
43,101
82,29
15,39
101,42
18,44
59,82
158,24
91,34
58,86
75,26
94,39
61,91
52,42
109,24
54,88
128,37
67,27
12,91
86,40
89,45
130,83
168,109
47,48
79,37
63,29
82,42
142,93
158,37
58,99
135,53
33,42
74,43
93,56
10,58
51,59
109,37
150,38
54,101
67,40
12,104
86,53
153,43
172,56
70,45
89,58
28,48
47,61
60,0
5,64
63,42
123,56
183,107
40,58
81,59
39,62
72,10
56,2
42,104
116,53
74,56
93,69
13,46
16,51
35,64
48,3
92,46
9,48
28,61
102,10
69,62
41,0
178,5
62,59
136,8
81,72
120,0
20,62
139,13
39,75
37,2
78,3
138,54
14,18
55,19
13,59
99,62
32,72
29,3
134,56
92,59
6,19
185,21
50,62
124,11
108,3
44,18
11,70
85,19
145,70
164,83
2,21
117,8
103,73
122,86
120,13
20,75
4,67
78,16
138,67
64,81
97,29
96,70
55,32
99,75
38,65
71,13
112,14
57,78
115,19
73,22
6,32
105,11
50,75
108,16
66,19
85,32
24,22
43,35
84,73
87,78
161,27
59,16
119,30
64,94
36,32
77,33
163,73
80,38
121,76
38,78
112,27
57,91
98,92
115,32
156,33
54,22
73,35
188,22
31,38
177,92
66,32
107,33
126,46
65,36
170,89
68,41
142,27
100,30
86,95
58,33
77,46
42,25
61,38
80,51
79,92
63,84
156,46
54,35
95,36
114,49
12,38
72,52
130,30
88,33
107,46
148,47
46,36
65,49
49,41
68,54
128,105
67,95
58,46
42,38
61,51
102,52
28,103
60,55
93,3
165,108
63,97
137,46
95,49
34,39
53,52
172,3
72,65
158,105
56,57
88,46
46,49
132,52
49,54
90,55
164,4
150,106
123,3
125,49
23,1
83,52
143,66
0,54
41,55
60,68
44,60
118,9
136,63
34,52
120,55
53,65
37,57
56,70
97,71
152,7
69,9
14,73
129,60
113,52
27,12
132,65
173,66
71,55
90,68
103,7
48,71
106,12
83,65
96,4
41,68
127,71
44,73
85,74
118,22
57,12
76,25
15,15
175,4
120,68
59,58
92,6
18,20
78,71
97,84
50,9
91,10
36,74
71,68
112,69
29,71
103,20
6,87
45,15
64,28
105,66
124,79
121,10
25,73
57,25
98,26
142,69
101,31
1,93
17,74
91,23
75,15
52,31
131,95
10,34
84,20
115,87
54,77
128,26
73,90
45,28
64,41
105,79
108,84
22,44
66,87
140,36
79,26
24,90
98,39
43,103
82,31
58,88
77,101
75,28
61,93
33,31
52,44
93,45
10,47
137,88
54,90
67,29
86,42
70,34
89,47
130,85
47,50
79,39
63,31
82,44
123,45
40,47
141,99
158,39
58,101
116,42
61,106
135,55
33,44
74,45
93,58
32,48
51,61
68,1
109,39
35,53
150,40
67,42
153,45
172,58
70,47
89,60
9,37
28,50
47,63
104,45
49,109
21,47
62,48
81,61
39,64
125,104
42,106
74,58
118,64
51,74
35,66
48,5
134,45
92,48
111,61
185,10
124,0
69,64
143,13
41,2
127,5
60,15
27,67
44,7
30,72
178,7
62,61
122,75
120,2
20,64
39,77
37,4
78,5
97,18
55,21
96,59
160,74
99,64
71,2
57,67
48,18
175,59
92,61
6,21
111,74
152,75
50,64
108,5
127,18
27,80
25,7
66,8
11,72
85,21
2,23
84,62
117,10
43,24
122,88
120,15
87,67
106,80
59,5
78,18
119,19
64,83
23,82
36,21
55,34
96,72
22,86
99,77
38,67
112,16
57,80
131,29
115,21
73,24
18,88
133,75
105,13
50,77
31,27
108,18
66,21
85,34
167,73
24,24
184,13
43,37
84,75
87,80
59,18
119,32
64,96
17,21
58,22
77,35
61,27
80,40
140,91
179,19
79,81
98,94
15,96
54,24
73,37
18,101
114,38
12,27
31,40
177,94
75,83
94,96
168,45
126,48
167,86
65,38
68,43
147,107
100,32
45,96
58,35
77,48
89,102
42,27
61,40
80,53
63,86
54,37
95,38
114,51
53,41
72,54
56,46
171,33
88,35
74,100
46,38
65,51
49,43
68,56
183,43
169,108
67,97
42,40
83,41
102,54
19,56
60,57
146,97
63,99
137,48
51,8
35,0
95,51
136,52
53,54
72,67
37,46
56,59
14,62
129,49
13,103
46,51
132,54
151,67
49,56
90,57
7,59
48,60
81,8
39,11
23,3
9,105
83,54
102,67
41,57
25,49
44,62
118,11
35,13
117,52
2,65
136,65
180,108
37,59
111,8
78,60
97,73
69,11
14,75
113,54
173,68
71,57
30,19
29,60
48,73
106,14
105,55
64,17
108,60
41,70
25,62
44,75
85,76
38,1
57,14
2,78
76,27
117,65
15,17
59,60
78,73
97,86
50,11
17,63
110,25
94,17
71,70
112,71
131,84
29,73
103,22
87,14
73,79
147,28
64,30
3,20
108,73
168,87
121,12
85,89
38,14
57,27
98,28
101,33
100,74
91,25
77,90
110,38
75,17
94,30
33,20
52,33
10,36
54,79
128,28
45,30
86,31
3,33
89,36
66,89
79,28
63,20
82,33
101,46
40,36
58,90
75,30
116,31
61,95
176,82
135,44
33,33
52,46
93,47
51,50
137,90
109,28
67,31
86,44
72,109
70,36
89,49
130,87
149,100
47,52
46,93
63,33
82,46
40,49
81,50
141,101
158,41
58,103
144,106
42,95
116,44
176,95
74,47
93,60
179,100
32,50
51,63
67,44
153,47
26,6
172,60
70,49
111,50
28,52
47,65
129,104
60,4
5,68
104,47
123,60
21,49
62,50
81,63
39,66
125,106
23,58
74,60
160,63
32,63
159,104
16,55
35,68
76,69
48,7
134,47
92,50
111,63
185,12
50,53
69,66
127,7
85,10
30,74
62,63
103,64
122,77
39,79
96,61
55,23
113,1
13,63
112,5
57,69
76,82
115,10
48,20
15,72
92,63
133,64
50,66
124,15
69,79
108,7
127,20
66,10
85,23
84,64
103,77
122,90
87,69
59,7
4,71
78,20
119,21
64,85
45,72
36,23
77,24
96,74
22,88
80,29
99,79
38,69
112,18
57,82
131,31
115,23
175,74
54,13
73,26
18,90
105,15
108,20
66,23
52,88
126,37
10,91
43,39
161,31
119,34
64,98
17,23
58,24
77,37
61,29
80,42
121,80
179,21
156,37
54,26
73,39
155,78
31,42
72,43
75,85
52,101
126,50
46,27
65,40
10,104
49,32
68,45
109,83
67,86
26,48
100,34
58,37
70,91
3,101
61,42
102,43
121,93
63,88
137,37
21,91
95,40
40,104
114,53
53,43
72,56
56,48
130,34
171,35
88,37
46,40
132,43
65,53
49,45
68,58
7,48
26,61
141,48
153,102
67,99
39,0
42,42
83,43
28,107
60,59
118,0
63,101
51,10
95,53
34,43
53,56
37,48
56,61
129,51
113,43
13,105
132,56
151,69
71,46
30,8
90,59
81,10
122,11
48,62
125,53
39,13
23,5
9,107
83,56
124,57
41,59
127,62
60,72
99,0
57,3
76,16
117,54
136,67
34,56
37,61
78,62
97,75
50,0
69,13
110,14
55,78
113,56
30,21
145,8
90,72
71,59
186,9
29,62
103,11
48,75
20,13
106,16
64,19
105,57
22,22
182,11
66,65
85,78
57,16
184,57
76,29
2,80
117,67
15,19
120,72
161,73
59,62
133,11
18,24
91,14
110,27
55,91
94,19
52,22
186,22
106,29
6,91
45,19
64,32
105,70
3,22
108,75
121,14
66,78
140,27
85,91
38,16
82,22
101,35
59,75
100,76
174,25
91,27
94,32
33,22
52,35
112,86
10,38
54,81
73,94
45,32
86,33
3,35
89,38
121,27
162,28
88,79
126,105
79,30
165,33
65,95
63,22
82,35
68,100
21,25
155,25
141,90
58,92
144,95
75,32
61,97
176,84
33,35
74,36
93,49
51,52
156,105
54,94
128,43
169,44
95,95
67,33
86,46
70,38
89,51
171,90
130,89
28,41
47,54
162,41
148,106
46,95
63,35
49,100
123,49
7,103
81,52
40,51
141,103
39,55
144,108
42,97
116,46
0,100
74,49
93,62
13,39
32,52
137,105
51,65
16,44
35,57
134,36
67,46
70,51
111,52
171,103
69,55
102,3
129,106
60,6
104,49
123,62
164,63
62,52
81,65
122,66
180,44
39,68
166,109
23,60
14,11
96,50
55,12
99,55
118,68
159,106
16,57
131,7
76,71
48,9
134,49
92,52
50,55
69,68
127,9
44,11
11,63
145,63
43,15
62,65
103,66
120,6
106,71
64,74
97,22
36,12
55,25
99,68
173,17
118,81
112,7
57,71
76,84
115,12
15,74
175,63
73,15
92,65
133,66
152,79
50,68
91,69
108,9
94,74
127,22
168,23
11,76
85,25
184,4
84,66
43,28
103,79
1,31
100,10
45,74
119,23
64,87
17,12
36,25
77,26
22,90
80,31
38,71
112,20
57,84
115,25
54,15
73,28
75,74
94,87
33,77
107,26
66,25
52,90
65,29
84,79
183,21
147,98
100,23
119,36
58,26
3,90
77,39
42,18
61,31
80,44
121,82
137,26
82,90
54,28
95,29
114,42
174,93
12,31
31,44
72,45
177,98
116,88
88,26
107,39
148,40
46,29
65,42
10,106
49,34
68,47
128,98
26,50
125,29
58,39
42,31
61,44
0,34
19,47
165,101
63,90
137,39
82,103
123,104
21,93
95,42
114,55
53,45
72,58
37,37
56,50
88,39
129,40
132,45
49,47
90,48
150,99
67,101
39,2
83,45
41,48
60,61
44,53
117,43
120,48
53,58
139,61
37,50
56,63
171,50
69,2
27,5
113,45
132,58
71,48
90,61
134,104
48,64
106,5
23,7
9,109
83,58
124,59
25,53
99,2
117,56
76,18
136,69
18,13
59,51
78,64
133,0
50,2
36,67
110,16
55,80
27,18
71,61
131,75
84,0
103,13
105,59
64,21
124,72
22,24
99,15
66,67
85,80
38,5
57,18
98,19
15,21
142,62
59,64
18,26
152,26
119,78
91,16
55,93
94,21
11,23
52,24
10,27
84,13
87,18
128,19
73,83
45,21
64,34
105,72
3,24
121,16
38,18
79,19
24,83
98,32
82,24
101,37
155,14
100,78
119,91
91,29
58,81
75,21
94,34
135,35
61,86
33,24
52,37
93,38
109,19
67,22
86,35
70,27
3,37
89,40
149,91
88,81
181,43
126,107
79,32
165,35
65,97
63,24
82,37
40,40
141,92
58,94
61,99
176,86
0,89
74,38
33,37
93,51
51,54
35,46
169,46
67,35
12,99
86,48
53,100
70,40
89,53
47,56
5,59
63,37
123,51
62,41
7,105
81,54
39,57
42,99
116,48
74,51
151,5
51,67
16,46
35,59
150,46
92,41
111,54
28,56
69,57
146,48
60,8
44,0
30,65
104,51
62,54
81,67
122,68
20,57
23,62
138,49
36,1
96,52
13,54
16,59
57,60
131,9
76,73
92,54
166,3
111,67
50,57
124,6
110,71
127,11
27,73
25,0
66,1
30,78
43,17
84,55
103,68
87,60
120,8
78,11
23,75
64,76
36,14
55,27
96,65
99,70
173,19
38,60
76,86
115,14
15,76
73,17
188,4
152,81
105,6
50,70
91,71
110,84
108,11
8,73
94,76
66,14
85,27
52,79
126,28
184,6
84,68
43,30
142,9
1,33
87,73
106,86
59,11
100,12
119,25
64,89
17,14
58,15
77,28
22,92
61,20
80,33
38,73
112,22
79,74
115,27
15,89
82,79
54,17
73,30
18,94
133,81
12,20
31,33
75,76
94,89
135,90
107,28
65,31
68,36
109,74
100,25
58,28
3,92
77,41
42,20
61,33
80,46
121,84
63,79
54,30
95,31
114,44
12,33
72,47
88,28
46,31
65,44
151,47
49,36
68,49
7,39
67,90
172,106
125,31
89,108
83,34
0,36
60,50
146,90
63,92
51,1
123,106
95,44
136,45
34,34
53,47
72,60
37,39
56,52
171,39
116,103
129,42
113,34
46,44
49,49
90,50
150,101
122,2
67,103
166,45
83,47
102,60
41,50
60,63
44,55
32,1
118,4
117,45
34,47
120,50
180,101
37,52
56,65
97,66
69,4
129,55
55,69
113,47
132,60
71,50
90,63
29,53
103,2
134,106
48,66
106,7
6,69
92,109
105,48
124,61
108,53
41,63
127,66
99,4
44,68
85,69
118,17
2,71
76,20
117,58
120,63
92,1
59,53
78,66
97,79
50,4
55,82
94,10
27,20
173,74
11,12
30,25
71,63
84,2
29,66
103,15
106,20
45,10
105,61
64,23
108,66
66,69
57,20
24,72
98,21
15,23
101,26
59,66
119,80
91,18
33,13
52,26
84,15
115,82
54,72
128,21
73,85
87,20
45,23
86,24
3,26
89,29
130,67
121,18
66,82
126,96
79,21
24,85
184,74
98,34
63,13
82,26
101,39
1,101
40,29
58,83
75,23
116,24
61,88
135,37
33,26
52,39
93,40
51,43
109,21
54,85
67,24
86,37
172,40
70,29
89,42
47,45
79,34
5,48
165,37
65,99
63,26
82,39
123,40
40,42
81,43
58,96
61,101
176,88
74,40
19,104
93,53
32,43
51,56
35,48
109,34
67,37
153,40
12,101
70,42
111,43
47,58
132,102
104,40
123,53
62,43
81,56
141,107
20,46
39,59
23,51
97,0
42,101
74,53
32,56
118,59
16,48
76,62
48,0
92,43
37,107
111,56
50,46
69,59
127,0
27,62
44,2
104,53
30,67
62,56
106,62
138,51
36,3
55,16
96,54
118,72
57,62
131,11
76,75
29,0
134,53
92,56
50,59
124,8
69,72
110,73
127,13
30,80
2,18
84,57
43,19
103,70
87,62
59,0
4,64
78,13
45,65
64,78
96,67
22,81
99,72
38,62
112,11
98,76
115,16
54,6
73,19
18,83
188,6
152,83
31,22
91,73
110,86
108,13
75,65
94,78
66,16
107,17
52,81
24,19
184,8
43,32
161,24
128,76
100,14
119,27
64,91
17,16
58,17
3,81
77,30
61,22
80,35
121,73
79,76
82,81
54,19
73,32
114,33
12,22
31,35
177,89
88,17
33,81
107,30
65,33
68,38
67,79
26,41
100,27
58,30
144,33
61,35
176,22
80,48
121,86
63,81
123,95
156,43
21,84
95,33
114,46
12,35
53,36
72,49
56,41
130,27
171,28
88,30
74,95
46,33
65,46
49,38
68,51
86,105
70,97
42,35
83,36
102,49
0,38
19,51
60,52
63,94
51,3
178,44
123,108
62,98
136,47
95,46
34,36
53,49
72,62
37,41
56,54
157,106
14,57
13,98
132,49
30,1
90,52
150,103
48,55
122,4
153,108
81,3
92,98
83,49
143,63
41,52
60,65
187,106
44,57
118,6
159,44
145,109
178,57
136,60
34,49
120,52
37,54
78,55
69,6
55,71
27,9
113,49
173,63
71,52
30,14
90,65
131,66
103,4
134,108
48,68
122,17
106,9
166,60
22,15
41,65
182,4
127,68
25,57
140,7
57,9
76,22
175,1
120,65
59,55
18,17
78,68
152,17
97,81
17,58
36,71
110,20
55,84
94,12
154,63
11,14
52,15
112,66
29,68
115,71
87,9
106,22
73,74
105,63
64,25
163,4
108,68
182,17
127,81
121,7
66,71
38,9
79,10
98,23
82,15
101,28
1,90
142,66
59,68
18,30
91,20
75,12
135,26
80,90
52,28
10,31
109,10
54,74
128,23
188,74
45,25
86,26
3,28
89,31
47,34
107,85
79,23
24,87
65,88
98,36
63,15
82,28
101,41
68,93
40,31
58,85
75,25
116,26
61,90
80,103
33,28
74,29
19,93
93,42
51,45
156,98
109,23
67,26
12,90
86,39
70,31
89,44
130,82
28,34
47,47
148,99
65,101
63,28
104,29
123,42
40,44
81,45
155,31
39,48
58,98
0,93
74,42
160,45
93,55
60,107
32,45
51,58
137,98
178,99
35,50
150,37
67,39
153,42
70,44
56,109
9,34
28,47
69,48
129,99
104,42
123,55
90,107
62,45
81,58
122,59
20,48
23,53
97,2
83,104
96,43
41,107
13,45
99,48
32,58
118,61
131,0
76,64
92,45
9,47
50,48
69,61
127,2
187,53
44,4
85,5
11,56
62,58
106,64
97,15
64,67
138,53
55,18
99,61
38,51
112,0
57,64
29,2
115,5
92,58
6,18
152,72
50,61
124,10
91,62
8,64
127,15
94,67
11,69
85,18
30,82
145,69
24,8
84,59
43,21
103,72
87,64
1,24
106,77
100,3
45,67
119,16
64,80
77,19
22,83
80,24
121,62
38,64
112,13
115,18
156,19
54,8
73,21
174,73
31,24
91,75
75,67
66,18
107,19
52,83
24,21
43,34
142,13
1,37
87,77
100,16
119,29
86,81
58,19
77,32
61,24
80,37
121,75
179,16
98,91
156,32
54,21
155,73
114,35
12,24
31,37
72,38
177,91
88,19
107,32
52,96
46,22
65,35
170,88
49,27
68,40
109,78
67,81
86,94
172,97
125,22
58,32
42,24
61,37
102,38
47,102
181,102
63,83
95,35
12,37
53,38
72,51
56,43
171,30
88,32
46,35
132,38
65,48
49,40
68,53
26,56
67,94
153,97
144,48
9,89
83,38
102,51
162,102
41,41
60,54
44,46
159,33
62,100
136,49
34,38
53,51
56,56
171,43
14,59
113,38
13,100
132,51
71,41
90,54
150,105
48,57
122,6
23,0
83,51
124,52
41,54
127,57
187,108
25,46
44,59
159,46
118,8
117,49
76,11
34,51
120,54
139,67
37,56
78,57
97,70
69,8
110,9
55,73
36,60
113,51
173,65
71,54
186,4
90,67
103,6
48,70
122,19
106,11
45,1
105,52
64,14
124,65
22,17
127,70
25,59
66,60
140,9
85,73
57,11
101,17
175,3
59,57
119,71
17,60
36,73
110,22
94,14
11,16
52,17
112,68
10,20
29,70
128,12
73,76
45,14
64,27
105,65
31,79
149,71
121,9
38,11
98,25
101,30
142,68
161,81
40,20
100,71
17,73
158,12
58,74
91,22
94,27
61,79
52,30
93,31
10,33
170,22
115,86
54,76
128,25
73,89
67,15
86,28
70,20
89,33
47,36
162,23
79,25
24,89
65,90
63,17
82,30
123,31
68,95
21,20
40,33
158,25
58,87
144,90
116,28
33,30
74,31
93,44
32,34
51,47
137,87
109,25
35,39
95,90
54,89
67,28
86,41
172,44
70,33
130,84
89,46
28,36
47,49
146,28
151,106
63,30
123,44
62,34
81,47
141,98
39,50
116,41
157,42
74,44
60,109
13,34
32,47
51,60
178,101
35,52
150,39
136,104
153,44
172,57
92,34
9,36
28,49
69,50
60,1
187,42
104,44
90,109
62,47
81,60
122,61
39,63
97,4
96,45
41,109
99,50
118,63
16,52
57,53
90,1
117,104
134,44
92,47
111,60
50,50
69,63
127,4
85,7
30,71
84,48
43,10
103,61
122,74
87,53
20,63
106,66
120,1
78,4
97,17
64,69
138,55
36,7
55,20
99,63
38,53
57,66
115,7
175,58
152,74
50,63
91,64
94,69
11,71
24,10
43,23
84,61
142,2
87,66
106,79
59,4
100,5
45,69
119,18
64,82
36,20
77,21
22,85
182,74
3,72
80,26
38,66
179,5
112,15
98,80
79,67
115,20
156,21
101,85
82,72
73,23
18,87
75,69
33,72
107,21
24,23
65,24
68,29
109,67
183,16
100,18
58,21
77,34
61,26
80,39
179,18
79,80
54,23
114,37
12,26
31,39
72,40
177,93
75,82
74,86
93,99
46,24
65,37
151,40
49,29
68,42
7,32
86,96
58,34
89,101
42,26
61,39
102,40
19,42
60,43
63,85
104,86
21,88
95,37
53,40
72,53
37,32
56,45
171,32
74,99
46,37
49,42
90,43
134,86
125,37
9,91
83,40
28,104
41,43
60,56
146,96
44,48
117,38
62,102
34,40
120,43
53,53
37,45
56,58
97,59
14,61
55,62
129,48
27,0
132,53
173,54
71,43
90,56
150,107
29,46
48,59
122,8
106,0
83,53
124,54
50,105
143,67
41,56
127,59
44,61
85,62
118,10
57,0
76,13
117,51
136,64
180,107
59,46
78,59
97,72
110,11
8,0
94,3
173,67
71,56
112,57
29,59
115,62
48,72
106,13
45,3
105,54
64,16
22,19
168,73
66,62
85,75
38,0
15,16
59,59
18,21
78,72
119,73
174,9
133,8
17,62
91,11
77,76
75,3
94,16
80,81
52,19
112,70
131,83
10,22
54,65
73,78
45,16
86,17
31,81
3,19
108,72
168,86
121,11
107,76
98,27
82,19
101,32
100,73
174,22
119,86
17,75
58,76
177,27
77,89
75,16
116,17
33,19
52,32
93,33
19,84
54,78
128,27
67,17
86,30
72,95
70,22
89,35
88,76
47,38
79,27
46,79
63,19
82,32
68,97
40,35
81,36
100,86
155,22
58,89
116,30
61,94
176,81
135,43
74,33
19,97
93,46
32,36
51,49
109,27
150,28
67,30
72,108
70,35
111,36
130,86
28,38
14,103
47,51
88,89
104,33
62,36
81,49
141,100
39,52
185,106
42,94
157,44
74,46
13,36
32,49
118,52
16,41
153,46
92,36
111,49
9,38
50,39
69,52
129,103
30,60
104,46
71,98
62,49
122,63
106,55
39,65
96,47
55,9
99,52
159,103
57,55
76,68
48,6
92,49
152,63
50,52
69,65
8,55
127,6
27,68
187,57
11,60
85,9
30,73
84,50
122,76
87,55
161,4
119,7
64,71
36,9
55,22
96,60
38,55
57,68
98,69
175,60
152,76
105,1
31,15
91,66
75,58
94,71
66,9
52,74
126,23
186,74
24,12
84,63
43,25
1,28
87,68
128,69
100,7
45,71
119,20
64,84
77,23
22,87
163,63
61,15
80,28
38,68
79,69
98,82
115,22
156,23
54,12
73,25
18,89
114,26
12,15
75,71
135,85
88,10
33,74
107,23
24,25
65,26
10,90
68,31
109,69
128,82
26,34
100,20
58,23
77,36
42,15
61,28
80,41
121,79
47,93
165,85
54,25
95,26
114,39
53,29
72,42
56,34
88,23
74,88
46,26
65,39
10,103
151,42
51,104
49,31
68,44
109,82
26,47
141,34
153,88
70,90
89,103
42,28
83,29
60,45
5,109
63,87
95,39
136,40
53,42
72,55
37,34
56,47
171,34
129,37
160,104
113,29
13,91
46,39
49,44
90,45
48,48
83,42
60,58
25,37
44,50
2,53
76,2
117,40
136,53
120,45
37,47
78,48
97,61
14,63
55,64
129,50
113,42
13,104
71,45
131,59
29,48
48,61
122,10
106,2
6,64
23,4
105,43
64,5
124,56
143,69
41,58
127,61
44,63
57,2
117,53
43,67
59,48
78,61
97,74
91,0
110,13
52,8
71,58
103,10
87,2
106,15
188,54
73,67
45,5
64,18
105,56
22,21
108,61
121,0
66,64
140,13
85,77
79,3
98,16
101,21
59,61
133,10
18,23
174,11
91,13
52,21
186,21
54,67
45,18
3,21
121,13
66,77
79,16
65,81
98,29
63,8
82,21
68,86
101,34
21,11
100,75
58,78
177,29
77,91
75,18
116,19
33,21
74,22
19,86
93,35
51,38
109,16
95,81
67,19
86,32
72,97
89,37
130,75
28,27
47,40
65,94
151,97
63,21
104,22
49,86
68,99
7,89
81,38
141,89
125,81
58,91
144,94
42,83
116,32
61,96
157,33
74,35
160,38
93,48
60,100
51,51
137,91
95,94
67,32
70,37
111,38
171,89
9,27
28,40
46,94
132,97
49,99
62,38
81,51
141,102
39,54
23,46
157,46
96,36
0,99
13,38
32,51
16,43
35,56
76,57
134,35
92,38
111,51
50,41
69,54
129,105
27,57
30,62
71,100
164,62
62,51
103,52
122,65
180,43
106,57
166,108
138,46
96,49
99,54
173,3
38,44
57,57
76,70
48,8
92,51
50,54
91,55
124,3
110,68
127,8
85,11
43,14
84,52
103,65
87,57
106,70
4,59
45,60
119,9
64,73
78,8
36,11
77,12
22,76
121,55
140,68
38,57
57,70
98,71
115,11
15,73
101,76
175,62
73,14
133,65
91,68
75,60
94,73
168,22
107,12
52,76
11,75
84,65
43,27
87,70
100,9
45,73
119,22
64,86
58,12
77,25
22,89
61,17
80,30
121,68
19,20
137,12
82,76
156,25
54,14
73,27
72,31
130,9
75,73
135,87
88,12
52,89
65,28
49,20
68,33
100,22
58,25
144,28
70,79
61,30
162,82
0,20
179,22
63,76
95,28
155,79
53,31
72,44
56,36
14,39
129,26
74,90
132,31
65,41
151,44
49,33
109,84
68,46
7,36
67,87
26,49
153,90
141,36
125,28
70,92
185,42
42,30
83,31
102,44
0,33
41,34
60,47
44,39
123,103
21,92
62,93
136,42
95,41
53,44
37,36
56,49
97,50
138,88
171,36
113,31
71,34
16,98
90,47
48,50
153,103
39,1
83,44
41,47
127,50
60,60
44,52
34,44
120,47
37,49
78,50
69,1
36,53
55,66
154,45
71,47
30,9
90,60
131,61
134,103
48,63
106,4
105,45
64,7
124,58
22,10
108,50
127,63
66,53
85,66
57,4
117,55
43,69
101,10
59,50
18,12
78,63
17,53
36,66
110,15
55,79
163,107
52,10
112,61
115,66
128,5
64,20
31,72
105,58
22,23
182,12
121,2
66,66
85,79
126,80
24,69
98,18
82,10
101,23
161,74
59,63
100,64
174,13
158,5
91,15
58,67
17,66
75,7
94,20
176,59
61,72
52,23
156,80
109,5
128,18
73,82
114,83
12,72
86,21
70,13
3,23
89,26
88,67
47,29
107,80
121,15
79,18
24,82
65,83
82,23
21,13
40,26
100,77
58,80
42,72
116,21
61,85
135,34
33,23
74,24
19,88
93,37
51,40
109,18
54,82
67,21
86,34
53,86
72,99
70,26
89,39
56,91
88,80
47,42
65,96
151,99
63,23
123,37
68,101
62,27
7,91
81,40
141,91
180,19
39,43
74,37
60,102
51,53
35,45
95,96
169,45
136,97
153,37
53,99
92,27
69,43
148,107
113,86
5,58
132,99
62,40
7,104
81,53
122,54
20,43
125,96
39,56
23,48
55,0
96,38
41,102
13,40
99,43
178,107
16,45
76,59
134,37
92,40
111,53
50,43
69,56
30,64
71,102
84,41
43,3
103,54
122,67
20,56
106,59
4,48
23,61
97,10
64,62
36,0
96,51
55,13
159,107
38,46
57,59
131,8
76,72
15,62
59,105
133,54
50,56
124,5
91,57
8,59
127,10
27,72
94,62
66,0
30,77
84,54
103,67
87,59
1,19
106,72
45,62
119,11
64,75
36,13
3,65
80,19
38,59
112,8
98,73
115,13
156,14
15,75
101,78
133,67
174,68
31,19
91,70
75,62
149,11
94,75
66,13
107,14
52,78
126,27
65,17
109,60
68,22
183,9
1,32
128,73
100,11
119,24
86,76
58,14
77,27
22,91
89,81
61,19
80,32
19,22
79,73
98,86
63,65
82,78
54,16
95,17
40,81
31,32
72,33
158,73
130,11
88,14
33,78
148,28
46,17
65,30
49,22
68,35
109,73
169,87
86,89
58,27
70,81
42,19
28,84
61,32
102,33
0,22
60,36
63,78
137,27
123,92
95,30
114,43
34,20
53,33
72,46
37,25
56,38
116,89
88,27
129,28
14,41
46,30
132,33
151,46
49,35
90,36
7,38
26,51
153,92
172,105
185,44
83,33
102,46
0,35
41,36
60,49
44,41
159,28
123,105
21,94
62,95
136,44
34,33
120,36
53,46
139,49
37,38
56,51
97,52
138,90
129,41
55,55
160,108
113,33
71,36
16,100
90,49
150,100
29,39
48,52
122,1
185,57
83,46
124,47
50,98
41,49
127,52
44,54
118,3
85,55
145,106
159,41
117,44
120,49
139,62
180,100
59,39
78,52
55,68
27,6
154,47
113,46
173,60
71,49
112,50
29,52
115,55
48,65
106,6
147,7
105,47
124,60
108,52
22,12
127,65
25,54
66,55
85,68
24,58
101,12
161,63
59,52
78,65
119,66
17,55
77,69
110,17
94,9
52,12
84,1
54,58
45,9
86,10
105,60
22,25
149,66
66,68
107,69
126,82
24,71
98,20
82,12
40,15
100,66
174,15
119,79
58,69
77,82
116,10
52,25
93,26
128,20
73,84
67,10
12,74
172,26
70,15
3,25
89,28
130,66
88,69
47,31
107,82
79,20
165,23
5,34
63,12
82,25
49,77
68,90
21,15
100,79
158,20
58,82
116,23
61,87
176,74
135,36
74,26
93,39
51,42
109,20
35,34
67,23
153,26
53,88
70,28
56,93
47,44
129,83
65,98
151,101
104,26
123,39
62,29
81,42
180,21
157,37
0,90
74,39
60,104
32,42
51,55
16,34
35,47
134,26
92,29
111,42
9,31
69,45
27,48
113,88
132,101
71,91
30,53
104,39
90,104
62,42
81,55
122,56
39,58
4,37
23,50
138,37
124,102
96,40
41,104
127,107
99,45
16,47
57,48
76,61
92,42
50,45
69,58
143,7
8,48
27,61
85,2
30,66
84,43
29,107
87,48
106,61
119,0
64,64
23,63
55,15
96,53
38,48
57,61
131,10
76,74
59,107
133,56
91,59
110,72
149,0
66,2
52,67
126,16
24,5
84,56
43,18
170,59
87,61
1,21
100,0
45,64
64,77
77,16
61,8
80,21
38,61
112,10
79,62
98,75
115,15
15,77
156,16
82,67
54,5
73,18
114,19
174,70
31,21
91,72
130,0
75,64
94,77
135,78
33,67
107,16
52,80
24,18
65,19
68,24
183,11
142,10
128,75
109,62
100,13
86,78
58,16
77,29
89,83
61,21
80,34
162,73
121,72
19,24
79,75
63,67
82,80
54,18
95,19
114,32
53,22
72,35
56,27
75,77
74,81
107,29
46,19
65,32
49,24
68,37
109,75
7,27
67,78
141,27
42,21
83,22
102,35
0,24
60,38
5,102
63,80
104,81
123,94
95,32
34,22
53,35
72,48
37,27
56,40
129,30
113,22
46,32
16,89
90,38
49,37
169,102
48,41
67,91
134,81
70,96
185,46
83,35
143,49
60,51
44,43
164,108
136,46
34,35
37,40
78,41
97,54
157,105
55,57
113,35
13,97
132,48
71,38
30,0
90,51
131,52
29,41
48,54
92,97
124,49
143,62
41,51
127,54
44,56
85,57
11,108
2,59
43,60
117,46
120,51
59,41
78,54
138,105
97,67
36,57
55,70
27,8
173,62
71,51
112,52
30,13
29,54
103,3
115,57
175,108
106,8
73,60
6,70
147,9
105,49
108,54
182,3
22,14
127,67
66,57
126,71
43,73
101,14
1,76
59,54
18,16
100,55
119,68
174,4
17,57
36,70
77,71
94,11
80,76
33,1
52,14
115,70
54,60
128,9
73,73
45,11
12,63
130,55
89,17
121,6
66,70
107,71
181,20
126,84
79,9
65,74
98,22
82,14
101,27
155,4
100,68
58,71
177,22
42,63
75,11
33,14
52,27
51,31
109,9
54,73
128,22
169,23
114,87
72,90
70,17
89,30
130,68
28,20
47,33
88,71
107,84
5,36
65,87
63,14
68,92
40,30
81,31
116,25
61,89
74,28
93,41
32,31
51,44
35,36
95,87
34,77
67,25
53,90
70,30
9,20
14,98
47,46
148,98
104,28
123,41
62,31
81,44
180,23
39,47
138,26
83,90
102,103
41,93
160,44
60,106
13,31
32,44
44,98
178,98
35,49
76,50
120,93
139,106
92,31
50,34
69,47
27,50
132,103
173,104
30,55
90,106
62,44
103,45
122,58
106,50
39,60
166,101
23,52
97,1
83,103
124,104
96,42
55,4
127,109
41,106
99,47
118,60
57,50
76,63
15,53
59,96
92,44
6,4
133,45
50,47
69,60
110,61
127,1
168,2
154,104
85,4
30,68
84,45
87,50
106,63
45,53
119,2
64,66
163,45
77,5
80,10
99,60
140,61
38,50
57,63
184,104
131,12
98,64
142,107
73,7
91,61
75,53
149,2
94,66
8,63
66,4
107,5
52,69
126,18
24,7
43,20
84,58
10,72
170,61
1,23
87,63
100,2
45,66
64,79
77,18
22,82
61,10
121,61
80,23
19,13
79,64
82,69
156,18
54,7
40,72
174,72
12,10
72,24
91,74
75,66
107,18
52,82
126,31
65,21
170,74
49,13
68,26
128,77
147,90
100,15
67,67
58,18
70,72
3,82
42,10
61,23
102,24
179,15
5,91
79,77
156,31
21,72
114,34
12,23
53,24
72,37
177,90
56,29
88,18
74,83
46,21
65,34
151,37
49,26
68,39
26,42
153,83
86,93
125,21
70,85
144,34
42,23
83,24
102,37
60,40
63,82
104,83
123,96
21,85
95,34
136,35
62,86
34,24
53,37
37,29
56,42
97,43
171,29
14,45
74,96
113,24
132,37
71,27
16,91
90,40
150,91
48,43
134,83
172,109
83,37
41,40
127,43
60,53
27,105
44,45
104,96
2,48
62,99
136,48
34,37
37,42
78,43
36,46
55,59
154,38
13,99
71,40
30,2
90,53
131,54
48,56
122,5
6,59
64,0
124,51
22,3
8,105
127,56
66,46
85,59
43,62
117,48
120,53
59,43
78,56
152,5
17,46
36,59
110,8
55,72
94,0
154,51
173,64
52,3
112,54
131,67
29,56
115,59
73,62
45,0
105,51
64,13
22,16
108,56
66,59
85,72
126,73
24,62
15,13
101,16
59,56
174,6
119,70
17,59
58,60
77,73
94,13
61,65
80,78
33,3
52,16
167,3
179,57
112,67
10,19
156,73
54,62
128,11
73,75
31,78
130,57
89,19
149,70
47,22
88,60
121,8
79,11
24,75
65,76
82,16
101,29
68,81
142,67
40,19
158,11
58,73
42,65
61,78
74,17
93,30
51,33
109,11
54,75
95,76
67,14
86,27
70,19
89,32
171,71
28,22
47,35
88,73
107,86
5,38
65,89
151,92
63,16
104,17
123,30
68,94
81,33
39,36
125,76
144,89
116,27
83,79
74,30
19,94
93,43
60,95
13,20
32,33
51,46
35,38
136,90
70,32
9,22
69,36
104,30
123,43
62,33
81,46
39,49
143,106
96,31
160,46
60,108
99,36
32,46
118,49
178,100
35,51
76,52
117,90
134,30
92,33
111,46
152,47
9,35
50,36
69,49
129,100
27,52
173,106
30,57
90,108
62,46
122,60
20,49
106,52
64,55
97,3
124,106
96,44
41,108
99,49
118,62
38,39
57,52
117,103
76,65
175,44
161,109
59,98
133,47
18,60
50,49
91,50
94,55
127,3
85,6
126,7
84,47
103,60
87,52
45,55
64,68
77,7
22,71
121,50
38,52
57,65
115,6
73,9
18,73
133,60
174,61
91,63
75,55
94,68
33,58
107,7
24,9
84,60
10,74
68,15
87,65
128,66
100,4
45,68
86,69
119,17
77,20
22,84
89,74
80,25
121,63
19,15
179,4
79,66
98,79
63,58
137,7
82,71
156,20
54,9
95,10
40,74
114,23
174,74
12,12
31,25
72,26
75,68
107,20
46,10
65,23
68,28
109,66
172,85
125,10
58,20
61,25
102,26
60,29
179,17
123,85
95,23
114,36
34,13
53,26
72,39
56,31
116,82
14,34
88,20
74,85
93,98
46,23
132,26
49,28
90,29
67,82
141,31
153,85
172,98
83,26
102,39
47,103
0,28
60,42
44,34
104,85
21,87
62,88
117,24
136,37
34,26
120,29
53,39
37,31
56,44
97,45
171,31
14,47
